[[0.0, 9.308869113080199, 11.66475813604594, 10.466575564295468, 10.135059294799706, 19.086699059984014, 19.37894418508266, 19.00207322638821, 18.605690163831667, 18.35003942438556, 17.602856637753884, 20.890946403409014, 20.435903382268155, 19.560506815850015, 18.781515958055145, 18.49224926913077, 20.058127089341024, 20.122039177264888, 20.133818223887992, 18.01906627907968, 16.810433860252402, 19.455949425610825, 18.709464476328428, 19.203022903917716, 19.296856466637028, 17.064449244269476, 18.000799273350662, 18.644134715589043, 18.365429070338553, 18.2275030330056, 17.61065268685091, 18.617326156074864, 17.866060658387504, 17.853257964958512, 17.72153366945824, 19.704481174080488, 19.269096012513618, 19.679387616432297, 19.420015411143243, 19.756073170600963, 19.547580211833566, 18.945326132955817, 19.212922166318002, 19.92270948270697, 17.39144810637393, 18.64039815681722, 19.000166341423217, 19.709460193983958, 18.316801185554173, 19.084384114104733, 19.350068466696676, 13.134485435559194, 17.404091184810373, 18.895274883529854, 18.964202021840098, 19.03271422488086, 19.994033591336308, 20.624334253576784, 21.195011546765933, 21.17223561909979, 20.046049916129256, 19.55238554666189, 20.233100652388647, 19.74383491186781, 19.210032811808706, 17.706856823712002, 18.170754061506845, 17.285094796966863, 19.82472518439055, 19.283066795742844, 20.700018764882977, 19.55539911134681, 19.432308685680496, 18.877424597531434, 19.053592051488998], [9.308869113080199, 0.0, 15.2337321816741, 15.259103767986758, 12.157822250829751, 25.225767491697823, 25.049856442418218, 25.114581043246417, 24.379248977616868, 24.37017818779602, 23.958734938437097, 26.974806237266563, 27.565133827836256, 26.385641437608477, 25.956465563558574, 24.99885717634909, 26.57008769032859, 26.766889121450156, 26.59889905466399, 24.85469300154943, 23.579270746794965, 26.097556768284576, 25.336374155953152, 25.910247239912657, 25.806847667097365, 24.193957436489338, 25.201959895879636, 25.580254947462972, 25.517922902959892, 25.373339198339643, 24.83318276803952, 25.316096763682516, 24.60815032393429, 24.63398312471569, 24.41664377008496, 26.58618716850482, 25.801976737696663, 26.667255125376773, 26.297070715526544, 26.506628848021137, 26.60591371207209, 25.76589593808453, 26.000698359943108, 26.56466843495576, 24.404554990609245, 24.56287073547032, 25.335554165967878, 26.1481219314822, 24.642172895807697, 25.40879616871137, 25.668429010389794, 19.7740892278461, 24.562819727910195, 25.664446620529063, 25.672061843901247, 26.240533149415953, 26.745660959201167, 27.355308946859935, 27.846550375112557, 27.72253321317023, 27.211270070739218, 26.30010280125176, 26.9040487568114, 26.807143481552373, 26.175750796421852, 24.313548471148078, 24.72110100761021, 24.81736945134772, 27.584308241238265, 26.600376065921598, 27.321726520579702, 26.31176304623331, 26.743302869118004, 25.50368180507018, 25.62709412900942], [11.66475813604594, 15.2337321816741, 0.0, 18.736777634161122, 17.24563812033786, 21.674295148144076, 21.7467621715653, 20.901511150812738, 20.593298615387422, 20.473873497693578, 20.98911027550354, 24.454546113070172, 24.609808247406676, 22.975094715890997, 22.75050050455684, 19.66111538289764, 21.279537259062938, 21.905911776546077, 21.602556579313276, 19.055380478683563, 16.8985702075968, 19.77435092632513, 20.22931118375612, 20.345413288845343, 20.268658820329804, 17.3756183121792, 17.82981844822835, 18.438575761179912, 18.308311399747737, 18.49608734333235, 20.41720812644902, 19.925154506810827, 19.698115634660372, 19.349542681382847, 19.143229198507694, 20.839222647132463, 20.109299649061107, 20.940423453885085, 20.7825929451655, 21.18021129997819, 21.921150232120773, 20.397994349787723, 20.397909499537842, 20.859787890431146, 18.809557519894028, 20.362080086641228, 20.02876431582701, 20.22346233911142, 18.972111646740032, 19.358675838781558, 20.30939494122506, 15.377663404705846, 19.732405086835634, 20.90685455480988, 20.807470211654255, 21.701078231665065, 20.99366299819106, 21.721960890547695, 22.012819104843725, 21.84421980454502, 22.400240121803975, 20.881169831266337, 20.90359658817338, 21.641564371871215, 21.587352037998933, 19.34845629412688, 18.543618820085147, 19.411386923990822, 22.38948557543042, 21.569442320195623, 21.611734466213214, 20.94753775686957, 21.141462441479597, 19.595577812762475, 20.10661145012954], [10.466575564295468, 15.259103767986758, 18.736777634161122, 0.0, 9.760606579656802, 16.802056774269097, 16.364863247526827, 16.70431696381817, 15.883225940622678, 15.62376801863534, 15.088247497093016, 17.17084196610621, 16.081450375076866, 15.751022473985598, 15.098641345389444, 16.660177327844178, 17.546660665382493, 17.275098652686037, 17.248916944086538, 16.26020719075395, 16.772990716081885, 17.618687858295793, 16.402173860763636, 16.987373550372173, 17.04405215785076, 17.791726323116453, 18.647265844176296, 18.571032741505068, 18.914634525792135, 19.418771763127747, 15.369615065918358, 16.63418664022665, 15.693860077506038, 15.786255044692108, 15.776333115992283, 17.65360416457955, 17.37354397396632, 17.689905142902095, 17.263025340907497, 17.52598188045795, 17.071959374144466, 16.948108624341625, 17.33373380278447, 17.886902215439957, 15.591208240577947, 16.50299974071655, 16.94422984856521, 17.602514186708948, 16.407143662470318, 17.32255703133991, 16.58449288548384, 13.674138840695566, 15.05083297618641, 16.397623633948548, 16.502915898657395, 16.64730124246704, 17.821452750193824, 18.457703855705997, 19.032801294777688, 18.94990526996018, 17.582218501348667, 17.36324560980974, 17.965423371483762, 17.51939121492162, 16.937711273930862, 16.9974963670331, 17.093540238418633, 18.00374210838745, 17.97889015774621, 18.214905437318254, 18.312444974513692, 17.24715243752592, 17.187712955940686, 16.823184450506737, 16.742336753116195], [10.135059294799706, 12.157822250829751, 17.24563812033786, 9.760606579656802, 0.0, 19.73339135322761, 20.239109243812685, 19.906966585956514, 19.528803280463467, 19.433871250189856, 18.025291789518878, 21.360130451504997, 21.856683847981085, 20.280793830970953, 20.22257798489748, 19.732106651648838, 21.056470682643198, 21.28367855280979, 21.09854595642456, 19.150999329769586, 18.83679444084008, 20.73407727682159, 19.96527179648699, 20.470400105557516, 20.515543426442353, 21.11872414799581, 21.063967480221486, 20.779950598358653, 21.205250079548293, 20.970270559401314, 19.1923940187642, 19.82505313437556, 19.087052497659908, 19.079093986204544, 18.844899453664702, 21.138979473248064, 20.419130219957008, 21.012057208224455, 20.72212544826623, 20.845037584540037, 21.34839208928609, 20.62054792995505, 20.649438965000204, 21.18035997296278, 19.19822849967643, 19.434229728552797, 19.929258783050166, 20.470721400375204, 18.939715173250125, 19.875421853108833, 20.13047361887723, 16.071020920610106, 18.354737400398477, 19.82230631394452, 19.85853340264293, 20.430214200729363, 21.24005719049334, 21.855559006484402, 22.321485998459636, 22.260415312794272, 21.238656238959617, 20.55899079461558, 21.149461278704166, 20.889662294741058, 20.531544106005644, 20.243768187337377, 19.35857460493495, 21.749292721076653, 22.660003364317518, 22.171358365680675, 21.494533531264533, 20.34207298827059, 20.0928336616239, 19.840433099935606, 19.95501236282524], [19.086699059984014, 25.225767491697823, 21.674295148144076, 16.802056774269097, 19.73339135322761, 0.0, 5.278554340498529, 4.138180649929072, 6.705374922085242, 6.465598679680806, 9.130071171993364, 9.711286971040536, 11.069243002156847, 10.227052737829549, 10.234540516922962, 7.928924471983488, 7.7637494148967034, 8.267880838964032, 8.034581840898417, 8.278407091134708, 11.078149676827348, 10.674276159102854, 10.55470767403038, 10.527578404213298, 10.463865479399052, 12.001720574567365, 10.95847476450184, 10.954476959759763, 11.264502722247029, 10.916107617555676, 9.383325437746418, 10.511115471361194, 10.07798046442618, 10.106483850209072, 10.138432934917857, 10.521959013743025, 10.88179880773654, 11.104733464691972, 10.070823830857503, 10.50619967991198, 10.244379301531158, 10.337634428853837, 11.091837638274596, 11.033989626654957, 10.034965186726211, 9.160683417667906, 8.615110728766433, 9.164852870307287, 9.214495940911473, 9.588539969955407, 12.387958327499522, 12.800624198130341, 10.265029780560726, 11.14705830199038, 11.09165372375829, 10.555658698190124, 10.970272469118656, 10.926903492850249, 11.488878775642304, 11.3919953971511, 10.793130709240971, 11.01466210247411, 11.369529556236683, 11.478186317302779, 10.802334566876914, 13.27975726516208, 10.96961750025749, 11.78341871026407, 9.607533402206524, 10.41743921846775, 9.858737534713411, 9.787437669351553, 9.438551244517539, 9.375754944844012, 10.201361834221089], [19.37894418508266, 25.049856442418218, 21.7467621715653, 16.364863247526827, 20.239109243812685, 5.278554340498529, 0.0, 3.3171192732476085, 2.8005988806848006, 3.4500956259767066, 8.38869387569688, 8.421050700813886, 9.8823096234709, 10.002889226018015, 9.456810355875955, 8.025258116388294, 8.26984809159122, 8.795983203978706, 8.269001965641184, 8.916601833982371, 11.83842562890192, 10.770085112891147, 10.406465225122817, 10.770502590516024, 10.24446766043605, 13.627814339211097, 11.691021327474166, 11.296076089016443, 11.712861077344943, 11.52608901216024, 10.085049007891552, 10.555672706465128, 10.07914092442344, 10.012031623825838, 9.944896916918907, 10.969051253789866, 10.700818056882275, 11.632580545174587, 10.430796194380653, 11.007538056700215, 9.9245720657148, 10.25131309401081, 10.676682944731677, 10.537701133395073, 9.697731893036392, 8.715745950754911, 8.918815601887381, 9.360152410345354, 9.330494419322902, 9.445877424585975, 11.686931808805811, 12.500790065992856, 10.600857766155936, 11.154884710616827, 11.112946267989322, 11.028586147891769, 11.328142195921847, 10.958413214548239, 11.341441552131576, 11.173870080758011, 10.840602959868175, 11.069766436000364, 11.306947717682963, 11.686222546845514, 10.891970762930402, 11.403315760798296, 9.320375587568783, 10.440661684807772, 8.668876240838884, 8.976359526168538, 9.688338892545083, 9.996929920451723, 9.975034856037551, 9.384821260891806, 9.882193940875185], [19.00207322638821, 25.114581043246417, 20.901511150812738, 16.70431696381817, 19.906966585956514, 4.138180649929072, 3.3171192732476085, 0.0, 3.310228543194324, 2.9978073902150966, 7.754029611927815, 8.455578427684118, 10.143496655352864, 9.413044404735722, 9.160173574361202, 6.540787157571004, 6.800578688141125, 7.431915694124091, 7.226738965047839, 6.833205069444118, 9.728567896383492, 8.632473680697151, 8.369217957009145, 8.427363177083356, 8.142149379035995, 11.707080417005582, 9.429829077603552, 9.173496915185913, 9.378474752519818, 9.310044202902143, 7.937492713530806, 8.508810063854497, 8.18883961017854, 8.104526250836049, 7.938036722593216, 8.837779133784531, 8.594837777480667, 9.408725468572335, 8.28664670253615, 8.921701046035595, 8.399147508178087, 8.328798916369543, 8.751216020135514, 8.537060525416889, 8.583078135083646, 7.927768476311092, 7.568104180583797, 7.369002385212817, 7.67793946545025, 7.583552891107177, 9.923732097307111, 11.292337592224367, 8.636889176670545, 9.049462630707826, 9.013352920278848, 9.142388366540493, 9.088566409657323, 8.730437432696412, 9.138663020497763, 9.05580360952837, 8.617579244477378, 8.814862276107284, 9.053500174611866, 9.44459339873151, 8.732276309218713, 10.028738544092095, 7.966811849420178, 8.748178207446745, 6.717026175493987, 7.331323637871506, 7.465429320902007, 7.708961914064693, 7.601703095004694, 7.257024921252635, 7.862918160471285], [18.605690163831667, 24.379248977616868, 20.593298615387422, 15.883225940622678, 19.528803280463467, 6.705374922085242, 2.8005988806848006, 3.310228543194324, 0.0, 2.352405454514796, 7.156585237949032, 8.264573379687123, 9.170508056656905, 9.025479982582144, 8.439013895807838, 6.68849938893169, 7.140533899833528, 7.839271060261566, 7.478030081583706, 7.529561824029563, 10.846486720260055, 9.120306221596213, 8.830555674291134, 9.25151228209333, 8.60217874154372, 12.907373099026879, 10.565339891092544, 9.885458252974626, 10.053582964391257, 10.258656177674206, 8.829498158042377, 9.081793305062522, 8.511948300331259, 8.513584868936261, 8.389874459594974, 9.509100156515661, 9.014872021887516, 10.168435901289786, 8.99244928388246, 9.464488522159709, 8.685144335687463, 8.814686753349891, 9.106197206132629, 8.960801292717603, 8.83397140922561, 7.9673655044686384, 7.93250226926552, 8.000695042983123, 8.174900805516359, 7.978940298106773, 9.983111646144742, 11.155681231897697, 9.34706240500173, 9.667385824376408, 9.588001427930536, 9.55852920969352, 9.801224780209312, 9.695319283330317, 9.911383823569171, 9.70163335795864, 9.650960996588351, 9.5341976261046, 9.718839799649324, 10.201984317804298, 9.524869211677679, 10.035237250230548, 7.8746191621661685, 9.26147400356396, 7.8301713386111045, 7.835584701899448, 8.27340830201112, 8.49895512676509, 8.797855075503909, 7.951916307960632, 8.384882349732099], [18.35003942438556, 24.37017818779602, 20.473873497693578, 15.62376801863534, 19.433871250189856, 6.465598679680806, 3.4500956259767066, 2.9978073902150966, 2.352405454514796, 0.0, 7.797213421862413, 9.124505153744918, 9.243027869231453, 9.088071396196645, 8.227153177631395, 6.032739523707612, 6.547029565217666, 7.047914094462433, 6.874281258898001, 6.602883434328077, 9.996017169164062, 8.195268647192261, 7.925009534406769, 8.07409389914942, 7.603915294337754, 12.024793269627208, 10.17319986954557, 9.248300830455552, 9.592138348490574, 9.760086531350998, 7.521633428979172, 7.8252368264451055, 7.498428812508637, 7.278418964896457, 7.179498021240274, 8.262563982722314, 7.847668407968034, 8.975327856130038, 7.847545605228855, 8.266668838500989, 7.407502388787696, 7.618669343631674, 7.893133659862465, 7.731902909415206, 7.65295212109219, 6.874369670837984, 6.870554890061317, 6.864797443378643, 7.0785003031622855, 6.864742552677036, 8.9372510710186, 10.47303286491384, 8.134107453187946, 8.362276963872814, 8.360353401514129, 8.57701397327467, 8.622306924958492, 8.843825346277523, 8.977579738634695, 8.792755261487166, 8.671190245733614, 8.3150265960093, 8.485335320766175, 8.903595242737278, 8.259934106476138, 9.248553807354924, 7.489578826093583, 8.96963349052756, 7.334252448063263, 7.1438057341772705, 7.240778749157824, 7.418614701947929, 8.174910777181866, 6.811842229181894, 7.20112083360507], [17.602856637753884, 23.958734938437097, 20.98911027550354, 15.088247497093016, 18.025291789518878, 9.130071171993364, 8.38869387569688, 7.754029611927815, 7.156585237949032, 7.797213421862413, 0.0, 5.723874311119408, 6.215506749742282, 4.735748101573424, 5.141307320077625, 8.610067039913863, 8.301538035239826, 9.468803231530172, 8.808399719950573, 8.710505806471776, 11.702106268964863, 10.830551784156789, 10.352243263503725, 11.215889208135206, 10.662216907747624, 13.576955171811184, 11.395497649147117, 11.686384253339604, 11.099029147792296, 11.661887702280957, 10.333033092195853, 10.81792553750575, 10.227375204563314, 10.330212713666802, 10.488095708354972, 10.044036670783317, 10.248437361528769, 10.880471808242667, 10.393388771473912, 9.483792202476362, 11.526632462618522, 11.728809901021043, 12.157311502493343, 11.960417843971097, 11.828533728360256, 10.782380713224489, 9.642205570405732, 10.09275636167336, 10.596812453242304, 10.62882642208348, 12.244653396595828, 12.278864990355851, 10.841576787235967, 11.114466826288671, 11.191807414357262, 9.846769783208833, 11.461081045636504, 11.901631128126903, 12.244645782066085, 12.12728863745539, 11.823514400628248, 11.70468244766046, 12.212705036524847, 12.052992180483477, 11.679721946321234, 13.678266352189818, 11.149304761343252, 12.311392128465807, 11.091897356466193, 11.736652903407077, 11.095037730072159, 10.531070607305024, 10.602012296401806, 10.687788487522642, 11.155277716785218], [20.890946403409014, 26.974806237266563, 24.454546113070172, 17.17084196610621, 21.360130451504997, 9.711286971040536, 8.421050700813886, 8.455578427684118, 8.264573379687123, 9.124505153744918, 5.723874311119408, 0.0, 5.528794867699999, 3.739766673858406, 5.246800245854244, 10.716574447211224, 9.794564119472133, 10.044032193289206, 9.376865594718103, 10.896580232656357, 13.738100174120614, 12.489513250461577, 11.865732957030826, 12.474950387136959, 11.914819699655478, 15.385248189779103, 13.626918914596104, 14.000551565549602, 13.429445181506482, 13.17551816467098, 11.44040837548903, 12.236319828094661, 11.733581172789574, 11.520552529380899, 12.010791986615404, 10.918289357726236, 11.050554265625285, 12.17269474127362, 11.149984786941905, 10.441258500461863, 12.056804225800702, 12.328284172702835, 12.663445876255693, 12.431167942871072, 12.799704688666898, 12.108966792883828, 11.467885875105134, 11.453309217591375, 12.420660495478318, 12.138555588155647, 12.800014764378265, 14.32735295423725, 12.456525670986617, 12.289600183857118, 12.393705162648626, 11.679789998600441, 12.774476868662681, 12.834244180660097, 13.318542429940955, 13.168585197353886, 12.622395482345386, 12.797716346270507, 13.22691368987257, 13.251923154947107, 12.673377539367914, 14.475263259580485, 12.521033522854541, 13.510274375152743, 11.433286280864657, 12.263703935809328, 11.593875810907335, 11.472829824987524, 11.322880100305483, 12.25654289848303, 12.55564651310065], [20.435903382268155, 27.565133827836256, 24.609808247406676, 16.081450375076866, 21.856683847981085, 11.069243002156847, 9.8823096234709, 10.143496655352864, 9.170508056656905, 9.243027869231453, 6.215506749742282, 5.528794867699999, 0.0, 3.728827341365135, 2.887495473501909, 10.40136221044453, 8.43003099105479, 8.155576303898794, 7.340674546266418, 10.651738915091068, 13.980202144743998, 11.390910653866195, 10.556398628546987, 11.13073112886128, 10.661260769684286, 13.870566124336143, 13.673757720988805, 13.029771746631207, 13.976478089106346, 14.328294018865156, 10.34564533793453, 11.044860929899576, 10.631034631656801, 10.521626810698603, 11.226197804596382, 10.259490265837245, 10.88201622554469, 10.695271395657267, 10.182047444166143, 9.426712096801232, 10.529736715208276, 11.299169167956245, 11.932703253523023, 11.65803813909706, 11.920675469934789, 11.679156359993334, 10.387243371475561, 10.504526610094933, 11.741427233571715, 11.594668595576783, 11.890945875936017, 13.88248987250269, 11.252386091667612, 10.85975164664674, 11.0475521082201, 9.995646623741273, 11.455635746063932, 11.656291658879239, 11.93679260010719, 11.77632674904159, 11.2167843564785, 11.432356856253564, 11.967878443458327, 11.750397404786094, 10.956476848387323, 14.82870079395756, 14.08937840003254, 13.448026806984618, 10.81780194520007, 11.945515980425018, 10.579956745041184, 10.38402143256973, 10.683546891062813, 11.452451542428138, 11.63952420883488], [19.560506815850015, 26.385641437608477, 22.975094715890997, 15.751022473985598, 20.280793830970953, 10.227052737829549, 10.002889226018015, 9.413044404735722, 9.025479982582144, 9.088071396196645, 4.735748101573424, 3.739766673858406, 3.728827341365135, 0.0, 3.559101427573693, 9.541277550790987, 7.651767324578877, 7.874099241700662, 6.9875505714707025, 9.538644222259151, 12.731315324745994, 10.659779077041811, 10.160271048458181, 10.80229472115911, 10.28263259907295, 13.043454423272859, 12.617692714323168, 12.005482140206125, 12.584501180597417, 12.817614256053165, 9.414733935760392, 10.388131896421212, 10.062468625262731, 9.82473488470866, 10.348467415289123, 9.296315402757434, 9.678301792690409, 9.83567077592788, 9.338500078692695, 8.50826489939093, 10.00460724085292, 10.466478594130079, 10.95527438251695, 10.758905722528283, 10.700570436571324, 10.680887734865545, 9.6470586818221, 9.675511389066612, 10.755780359185048, 10.600294916235631, 11.179615105256799, 12.659079829708055, 10.399358097034638, 10.259312563813753, 10.386261431742199, 9.837590488542348, 10.931961726730082, 11.142784324227474, 11.372725245079165, 11.327302182886298, 10.813771979, 10.786426899998824, 11.269676349016265, 11.155606173162539, 10.820035198033937, 14.247470254288892, 12.470451723684345, 13.494713040127696, 11.34024728423108, 12.294781356036452, 9.976557365252647, 9.610321859171188, 9.749645520114044, 10.439855401276946, 10.79080167807793], [18.781515958055145, 25.956465563558574, 22.75050050455684, 15.098641345389444, 20.22257798489748, 10.234540516922962, 9.456810355875955, 9.160173574361202, 8.439013895807838, 8.227153177631395, 5.141307320077625, 5.246800245854244, 2.887495473501909, 3.559101427573693, 0.0, 8.131280572817362, 7.150553197103571, 6.87132171075947, 6.667244417668247, 8.355949496235022, 12.287965632610977, 9.816565413458436, 9.10607599046964, 9.734421812777969, 9.163921780590703, 12.3099531481338, 11.949474470148708, 11.236191447607215, 11.82932958853568, 12.608388767019326, 8.549427450923233, 9.295340367862707, 8.959969680764642, 8.760171548193657, 9.268899986623332, 8.122691684703302, 8.553490077707044, 8.971364684430679, 8.290030147085558, 7.572369755158218, 9.001481458623697, 9.598541941592579, 10.102426623763977, 9.827878018570033, 10.259405481931317, 9.943349244113966, 8.691617899789172, 8.8096134540627, 10.012866480006144, 9.67101718305747, 10.50686057810644, 11.887332038585887, 9.498780120889823, 9.266801926378946, 9.403873446387603, 8.748952370751036, 9.967459511614111, 10.189901360465916, 10.431116485992625, 10.344009195496556, 9.724762847054572, 9.847342754840813, 10.388806618373808, 10.146717080696408, 9.551950487594521, 13.40947390200143, 12.023414045541495, 12.224526583643554, 9.92473227933763, 11.0700120292083, 9.257879008024604, 9.015545777079161, 9.51351021571505, 9.62305516871736, 9.832914793200192], [18.49224926913077, 24.99885717634909, 19.66111538289764, 16.660177327844178, 19.732106651648838, 7.928924471983488, 8.025258116388294, 6.540787157571004, 6.68849938893169, 6.032739523707612, 8.610067039913863, 10.716574447211224, 10.40136221044453, 9.541277550790987, 8.131280572817362, 0.0, 3.7367718571576427, 4.540392552978777, 4.818383950304646, 2.1661738664934407, 7.502143018778434, 5.872703540699303, 6.850733534441014, 6.075813966309291, 6.6142203395123245, 8.393859636690719, 8.268013101270524, 7.364047313420483, 7.398397468787613, 8.886332152830384, 6.384078534107114, 7.450223927365594, 7.182602474995376, 7.2887757871580305, 7.221389093641164, 6.117796558577923, 6.547023055812112, 6.998371149146566, 5.9633819517425355, 6.362929528719234, 5.560200687657274, 5.514329347383415, 6.312665192503972, 6.106118468488104, 6.061917572491975, 5.130851306318178, 3.9114275255015207, 4.5386074653256046, 5.528498955940119, 5.083037209117291, 9.616410927315888, 10.864385753600494, 7.765850238150049, 8.39043087079889, 8.19596892064255, 6.698291704279483, 6.408241166931163, 7.165965143334182, 7.757520272465571, 7.373710214727677, 8.171033507630975, 7.407699041695605, 7.781461415695927, 7.522758509830973, 7.740723710032953, 10.31252339742298, 8.697487274781054, 10.157483872323908, 8.12175905620928, 8.425614613353922, 7.902443283607211, 7.7663667644381515, 8.26495789273342, 7.320537757465347, 7.511218464141222], [20.058127089341024, 26.57008769032859, 21.279537259062938, 17.546660665382493, 21.056470682643198, 7.7637494148967034, 8.26984809159122, 6.800578688141125, 7.140533899833528, 6.547029565217666, 8.301538035239826, 9.794564119472133, 8.43003099105479, 7.651767324578877, 7.150553197103571, 3.7367718571576427, 0.0, 3.9173082620051702, 2.988700233409986, 4.975313349037502, 8.27191083521561, 6.442424131825645, 7.129424312884447, 6.5658953217758755, 7.022016903822721, 8.971149272587418, 8.5962180512163, 8.124780220632257, 8.161859502279816, 8.681670366082994, 6.999427317880478, 7.946476457197848, 7.850584382422217, 7.990794191448102, 8.12026866943009, 6.622715180555235, 7.479663855223238, 7.019802181691981, 6.105585761576631, 6.404746057695481, 5.957294246995882, 6.090492449323606, 6.918479636012429, 6.590595653577762, 6.8272565153971865, 5.790405252907222, 4.315997403499278, 4.775746446340139, 6.054647017080891, 6.0313435178850705, 9.685576951725452, 11.716635933600527, 7.80071119065907, 8.205038447267382, 8.28694839125804, 6.696727939373819, 6.765849450423468, 7.272577622138804, 7.836678568286799, 7.460066078473872, 7.890297114640933, 7.473045195063801, 7.983175465803074, 7.625744344345293, 7.6435106604291985, 11.461464024837543, 9.496935369402609, 10.641605676546096, 8.111212906058423, 8.739625991810604, 7.510679474664172, 7.147438277859057, 7.181704998116364, 7.400482447605006, 7.987514078410192], [20.122039177264888, 26.766889121450156, 21.905911776546077, 17.275098652686037, 21.28367855280979, 8.267880838964032, 8.795983203978706, 7.431915694124091, 7.839271060261566, 7.047914094462433, 9.468803231530172, 10.044032193289206, 8.155576303898794, 7.874099241700662, 6.87132171075947, 4.540392552978777, 3.9173082620051702, 0.0, 2.0854195007682947, 4.803790476623896, 9.481424691422639, 6.116723276874157, 5.550555354607175, 5.428115665283228, 5.618360774018638, 8.041840188970042, 8.28591871650032, 7.562034183325818, 8.622222227252095, 9.25825075864191, 5.483878839355544, 6.239908912793039, 6.258335943175299, 6.325308627527057, 6.655254743602008, 5.584570019815058, 6.548621812878637, 5.353069227937331, 4.923089708780622, 5.126645498104726, 4.695852090675343, 5.226605295495239, 6.060137541336931, 5.781943134452145, 7.136701902041949, 6.29664370230875, 4.915412108605157, 4.8891397432465435, 6.478585952206872, 5.813009123282506, 7.89786374683998, 11.78007328226127, 6.993128404945663, 6.819445098039154, 6.865247976073185, 5.333236195535247, 5.530709288791616, 6.068660911683646, 6.529164280271558, 6.0885406589466236, 6.126685007924957, 6.0720750756289945, 6.405079396180128, 6.106007718714575, 6.117699875888292, 11.857665367010496, 10.631017910274265, 11.638342830139752, 8.010226635801125, 8.881333360957246, 5.8509333641889825, 5.93990555785233, 6.53219304908728, 6.720701835611801, 6.712663760228446], [20.133818223887992, 26.59889905466399, 21.602556579313276, 17.248916944086538, 21.09854595642456, 8.034581840898417, 8.269001965641184, 7.226738965047839, 7.478030081583706, 6.874281258898001, 8.808399719950573, 9.376865594718103, 7.340674546266418, 6.9875505714707025, 6.667244417668247, 4.818383950304646, 2.988700233409986, 2.0854195007682947, 0.0, 5.430227625839385, 9.445936277352821, 6.535841010731217, 6.362592005022181, 6.263375590083003, 6.469587148373132, 8.748221860896653, 9.083845858820597, 8.418422016723266, 9.07342732118768, 9.785578439463137, 6.216094603397133, 7.034826751666517, 6.9474766037689495, 7.017591250972514, 7.380194652002327, 6.410329257049438, 7.466161716662788, 6.358037666425313, 5.83261822738684, 6.109681382101162, 5.308772873291096, 5.841142778213012, 6.733839878880067, 6.49980263317675, 6.887653115962971, 6.191612311818473, 4.835195422232469, 5.104743263536487, 6.651701473714367, 6.307171203496188, 8.721625370918884, 12.133170387683252, 7.617742013350498, 7.66446377885964, 7.8767319474719475, 6.235811041316094, 6.513282482239154, 6.837058869090222, 7.376228701062706, 7.070147638532477, 7.168030197776707, 6.979468986903991, 7.418560885766304, 7.098509859839005, 7.0343451144020825, 12.214998779379767, 10.544507162788985, 11.498930011857066, 7.982540414995179, 9.06463287597382, 6.743372936993604, 6.550923351897866, 6.773912583572304, 7.178918256468139, 7.528436897255282], [18.01906627907968, 24.85469300154943, 19.055380478683563, 16.26020719075395, 19.150999329769586, 8.278407091134708, 8.916601833982371, 6.833205069444118, 7.529561824029563, 6.602883434328077, 8.710505806471776, 10.896580232656357, 10.651738915091068, 9.538644222259151, 8.355949496235022, 2.1661738664934407, 4.975313349037502, 4.803790476623896, 5.430227625839385, 0.0, 6.6315218682547465, 5.017450125648076, 6.055326921964596, 5.2267452808318255, 5.939255955350801, 8.250178161585204, 7.490507215352685, 6.6666448598140065, 6.7113644325908535, 8.327825294438734, 5.441509119855392, 6.3979707062643465, 6.244532932782918, 6.278570228063837, 6.1466070400007355, 5.035516648050268, 5.3376102192248105, 5.5948939348392255, 4.77235294997853, 5.239610064270308, 5.664686787549663, 5.122793607766426, 5.675595068312555, 5.452349111199066, 5.7703202380023075, 5.713381690960306, 3.944286909646345, 3.8417150822576422, 4.610215234208994, 4.2061604011871365, 8.74534205894031, 9.7027891443858, 6.832204795818263, 7.485392988635618, 7.171128370986748, 5.910459143475596, 5.238315545744471, 6.063875472657835, 6.7484843288516645, 6.4848674192573, 7.070472181453513, 6.30834786596051, 6.561353510920895, 6.2717795296300105, 6.7978988441885235, 10.19781760244304, 8.824723013074898, 10.040943325935775, 7.892789920281235, 8.252743382692147, 6.853232305801906, 6.642928415572769, 7.157153969142734, 5.994411221974219, 6.22819490369017], [16.810433860252402, 23.579270746794965, 16.8985702075968, 16.772990716081885, 18.83679444084008, 11.078149676827348, 11.83842562890192, 9.728567896383492, 10.846486720260055, 9.996017169164062, 11.702106268964863, 13.738100174120614, 13.980202144743998, 12.731315324745994, 12.287965632610977, 7.502143018778434, 8.27191083521561, 9.481424691422639, 9.445936277352821, 6.6315218682547465, 0.0, 4.61311217517717, 6.03263943624129, 6.153007340377384, 6.1647109683840995, 9.129791744635387, 7.642439430976839, 7.004392907666394, 7.435243356888782, 8.27484820774553, 7.2684933275885015, 7.651642752982168, 7.382814008330771, 7.735015102293092, 7.338000921578095, 7.996350347636794, 8.236470641207605, 7.906321223825991, 7.975585000171045, 8.476876134020303, 9.415165471825018, 8.27934815732438, 8.425601230552054, 8.411019807749133, 9.61137621196454, 7.192086929100402, 5.789947842721802, 5.74013760299015, 5.6217595474915, 5.764754826544371, 8.86929399849091, 7.624295040642503, 7.3698938364328725, 7.7275726060311944, 7.613259831584012, 7.710475630514419, 6.8817791661760355, 7.458761265494524, 7.948987619039187, 8.12124135681502, 9.01021803290477, 7.782447888038648, 8.045810253012382, 8.38735488588892, 8.571121965331757, 9.797307146094939, 8.601146695119892, 9.829935029264155, 9.015996820431965, 8.953286953439575, 8.598957745773756, 7.859968116001677, 8.388776667113587, 7.686732932184176, 7.68811577568609], [19.455949425610825, 26.097556768284576, 19.77435092632513, 17.618687858295793, 20.73407727682159, 10.674276159102854, 10.770085112891147, 8.632473680697151, 9.120306221596213, 8.195268647192261, 10.830551784156789, 12.489513250461577, 11.390910653866195, 10.659779077041811, 9.816565413458436, 5.872703540699303, 6.442424131825645, 6.116723276874157, 6.535841010731217, 5.017450125648076, 4.61311217517717, 0.0, 2.491976442235768, 2.000876370265768, 2.0299296036767505, 8.574381883419484, 6.393057396348111, 5.410413751448377, 5.981818353773275, 7.060527427539359, 4.583740911981307, 4.014916713217014, 4.405167529497782, 4.501488449693881, 4.61221776621246, 5.154084841837529, 4.831295444571354, 5.073005182697574, 4.431354630459649, 4.640678558575957, 5.603030927607111, 5.225245775768058, 5.775792246216101, 5.105830837640939, 7.566577076393218, 5.752300282779964, 4.297685075692233, 2.684512501224102, 3.818394918333825, 3.158515896215281, 5.191250994567147, 8.079185687424225, 4.57080260667159, 4.195785238808553, 4.065710378088128, 4.523582811064891, 3.139337987156499, 3.782756004178793, 4.164269220277301, 4.305898209626094, 5.179307300712616, 3.7127875350032205, 3.892065287154608, 4.507301089338383, 4.633035905885683, 9.481712418462283, 8.336899466341093, 9.19570623073009, 7.415359634459264, 7.719149001022396, 4.652141501585865, 4.422882992873048, 5.405683812452308, 4.952545875653002, 4.932781203117747], [18.709464476328428, 25.336374155953152, 20.22931118375612, 16.402173860763636, 19.96527179648699, 10.55470767403038, 10.406465225122817, 8.369217957009145, 8.830555674291134, 7.925009534406769, 10.352243263503725, 11.865732957030826, 10.556398628546987, 10.160271048458181, 9.10607599046964, 6.850733534441014, 7.129424312884447, 5.550555354607175, 6.362592005022181, 6.055326921964596, 6.03263943624129, 2.491976442235768, 0.0, 1.6252424472403837, 1.8324368027273297, 8.361203030430552, 6.787551375138003, 6.088029245338776, 6.347133235851472, 7.5618500122706465, 3.6556403873882846, 3.1563781139792297, 3.546485048947645, 4.061090867039526, 4.098390438409369, 5.4219710594444885, 5.6481014519642825, 4.969196942300778, 4.5032375222673275, 5.146190988256911, 5.152634877687569, 5.270501080321563, 5.867556407810679, 5.283971535524985, 7.620623236092358, 7.308287301658084, 5.78204410680097, 4.073831816177632, 5.256182832728873, 4.594395465019363, 4.922703341153509, 8.487999999530828, 3.8187663678567776, 3.295520239833304, 3.3891694293704298, 3.003821789201054, 2.486845089260538, 3.186074966897218, 3.7318001756307972, 3.731926760480565, 4.124064405400706, 3.087119140919814, 3.690691690412289, 3.6581171342176435, 3.543370648591817, 9.796713162726453, 8.507275357810245, 8.965014230451771, 6.831917423027896, 7.173641809194079, 4.321645280850471, 3.8418898159301422, 5.007569057179012, 4.803023344149921, 4.754625545955829], [19.203022903917716, 25.910247239912657, 20.345413288845343, 16.987373550372173, 20.470400105557516, 10.527578404213298, 10.770502590516024, 8.427363177083356, 9.25151228209333, 8.07409389914942, 11.215889208135206, 12.474950387136959, 11.13073112886128, 10.80229472115911, 9.734421812777969, 6.075813966309291, 6.5658953217758755, 5.428115665283228, 6.263375590083003, 5.2267452808318255, 6.153007340377384, 2.000876370265768, 1.6252424472403837, 0.0, 1.5552537273667408, 7.855869246001453, 6.0314310800464455, 5.444657623079309, 5.90295110695289, 6.827931694798965, 3.7471341100273015, 3.078713880013126, 3.7206103684017036, 3.8209823449408975, 3.917516195675562, 4.357465090122257, 4.624930866252635, 4.122288043615319, 3.4646348385591184, 4.08828916204613, 4.674441227175449, 4.508457085265537, 5.28726148138202, 4.723442939084252, 7.091302045693835, 6.4700082333913915, 4.764017374889538, 3.022620195614824, 4.224945748842184, 3.732060378536217, 4.942103296600119, 9.22618359424437, 3.882560998783121, 3.403865048349673, 3.3925539359554806, 3.188933724176044, 2.146407551044309, 2.8178514250786715, 3.353585421516085, 3.3663768028255383, 3.6237153697380413, 2.5272364343911624, 3.0836217176860217, 3.1524696638162646, 2.95555440733665, 10.292763212647623, 8.91084830725408, 9.644931377548595, 7.152987664127636, 7.572906060043269, 3.5168173888487693, 3.337968332252674, 4.4267931088993615, 4.349987463363424, 4.166512801779626], [19.296856466637028, 25.806847667097365, 20.268658820329804, 17.04405215785076, 20.515543426442353, 10.463865479399052, 10.24446766043605, 8.142149379035995, 8.60217874154372, 7.603915294337754, 10.662216907747624, 11.914819699655478, 10.661260769684286, 10.28263259907295, 9.163921780590703, 6.6142203395123245, 7.022016903822721, 5.618360774018638, 6.469587148373132, 5.939255955350801, 6.1647109683840995, 2.0299296036767505, 1.8324368027273297, 1.5552537273667408, 0.0, 8.548703177260787, 6.58820501861428, 5.695516986219691, 6.441597285157397, 7.47448308567072, 3.9999443165466406, 3.3650485962237564, 3.863366367320073, 3.7567730620333406, 3.9007786284666564, 5.066804276643941, 4.874038707461213, 4.7246162703593875, 4.175123466418316, 4.726663374053831, 4.709229682022422, 4.623205455902252, 5.2068305903574785, 4.629570153061936, 7.114943376564522, 6.315021059930622, 5.125721727101406, 3.3406097616172916, 4.489555011574199, 3.75023438010068, 3.9874614686816314, 8.440500272751887, 4.171256664482404, 3.2177269522971814, 3.1050250711022196, 3.762458976606922, 2.7280366739876163, 3.3514749862709308, 3.583935500789485, 3.559646624714859, 4.299032046759136, 2.9997291205523737, 3.3751559075433764, 3.8286283707296707, 3.5077991113160083, 9.154120737504012, 7.985079181539727, 8.857147954761661, 6.919624931530412, 7.036142342599492, 3.9157365137822473, 3.943283171112645, 5.226337828364857, 4.6549317166271855, 4.403817987943024], [17.064449244269476, 24.193957436489338, 17.3756183121792, 17.791726323116453, 21.11872414799581, 12.001720574567365, 13.627814339211097, 11.707080417005582, 12.907373099026879, 12.024793269627208, 13.576955171811184, 15.385248189779103, 13.870566124336143, 13.043454423272859, 12.3099531481338, 8.393859636690719, 8.971149272587418, 8.041840188970042, 8.748221860896653, 8.250178161585204, 9.129791744635387, 8.574381883419484, 8.361203030430552, 7.855869246001453, 8.548703177260787, 0.0, 4.399239587020759, 6.618486961646874, 6.312215250601786, 4.534804141453625, 8.054409002952454, 9.1044660722836, 8.864944951774591, 9.07277690817822, 9.178352843336759, 7.746348071623502, 8.641734905533191, 7.718697232137856, 7.869401761930684, 8.31491362056562, 7.339308844568126, 6.551768798920763, 7.764876236847194, 8.325768885117034, 7.93254492462346, 10.063677503526186, 8.06112940218812, 8.14059889088625, 9.125195883328104, 9.087111812878181, 10.659856423444017, 10.34139062433158, 8.959697775498771, 9.569161010432618, 9.38247726864006, 8.220736694312043, 8.305567048093453, 9.209888175671777, 9.995177993125965, 9.57093727309037, 9.952717332584047, 9.1809090898666, 9.633432740642561, 9.376397090177019, 9.500140459395944, 10.967877459811536, 9.718669805851022, 10.078383060237229, 10.383941552568233, 10.090443636083709, 9.73108746089995, 9.35791700324091, 9.909692793817037, 10.17927776557818, 10.3704707055452], [18.000799273350662, 25.201959895879636, 17.82981844822835, 18.647265844176296, 21.063967480221486, 10.95847476450184, 11.691021327474166, 9.429829077603552, 10.565339891092544, 10.17319986954557, 11.395497649147117, 13.626918914596104, 13.673757720988805, 12.617692714323168, 11.949474470148708, 8.268013101270524, 8.5962180512163, 8.28591871650032, 9.083845858820597, 7.490507215352685, 7.642439430976839, 6.393057396348111, 6.787551375138003, 6.0314310800464455, 6.58820501861428, 4.399239587020759, 0.0, 3.1683356832699663, 2.619752652459546, 2.628760030695403, 7.27395538331233, 7.188382130362344, 7.733895899843303, 7.608761797497305, 7.902770741784016, 6.045268214515507, 6.134390316626685, 5.745555247749355, 6.054037135643159, 6.300766695209797, 6.8310613515803995, 5.451611333467362, 5.597617958100877, 5.885406829099222, 6.8070496467898725, 9.494702674414714, 7.67693237877828, 6.063588738293159, 7.035881899823118, 6.482955583129367, 8.318686181180901, 9.42598783740915, 7.526838534892465, 7.629586859643638, 7.370104382652195, 7.095598983784112, 5.562774232102555, 6.318767251904795, 6.9393608436999585, 6.8068666472222805, 8.105690840877447, 6.96302259294528, 7.036502678344573, 7.140866096499436, 7.75062448842465, 9.752633169835773, 7.96723103389248, 8.853197288801896, 8.780622381431455, 8.416741965731854, 7.761725298235766, 7.6950265437866205, 8.36315428330624, 7.426620238296943, 8.00102854766238], [18.644134715589043, 25.580254947462972, 18.438575761179912, 18.571032741505068, 20.779950598358653, 10.954476959759763, 11.296076089016443, 9.173496915185913, 9.885458252974626, 9.248300830455552, 11.686384253339604, 14.000551565549602, 13.029771746631207, 12.005482140206125, 11.236191447607215, 7.364047313420483, 8.124780220632257, 7.562034183325818, 8.418422016723266, 6.6666448598140065, 7.004392907666394, 5.410413751448377, 6.088029245338776, 5.444657623079309, 5.695516986219691, 6.618486961646874, 3.1683356832699663, 0.0, 1.9861013682981743, 4.185161968519671, 6.386928976372897, 6.151433864992788, 6.753432627277203, 6.596457874953232, 6.778040330887212, 4.948766322225065, 4.729191824407842, 4.35078678359781, 4.579872456780305, 5.003930461494216, 6.495341998727461, 4.852539222571409, 4.724552653193667, 4.654900450809016, 6.769175548687421, 8.77406545739994, 7.013295935443903, 5.512987213019863, 6.1183563663029155, 5.33244487984664, 7.378817731040963, 9.306196898355992, 6.69810439689786, 6.7593435388245835, 6.337271374184496, 6.848498791323707, 4.9530674765703795, 5.380631822544026, 5.628777009308653, 5.674547429452291, 7.0156735005227295, 5.88834058183571, 5.707809089723694, 5.843985222080186, 6.835669