[[0.0, 0.08640316663757178, 0.1896697648677828, 0.28342779369179727, 0.1780496924147862, 0.6263832600381335, 0.621558591687059, 0.5776095675281011, 0.5857394163696004, 0.6098876049117575, 0.5016058323275359, 0.5297820158225456, 0.5960124567590849, 0.48382876225065413, 0.5129666320775651, 0.5841898417304088, 0.6509065821859539, 0.6350453316606619, 0.6050521969425449, 0.563533263338554, 0.4507151974772983, 0.45589854719005196, 0.491835422575479, 0.5739732870866031, 0.5273742710722623, 0.36277576711379167, 0.35309008812199755, 0.3446864828231592, 0.3488388277958748, 0.343035659792098, 0.513756082689052, 0.42428797043753197, 0.46747829225858184, 0.44607252150855475, 0.44360401305669, 0.35416671764721197, 0.2888519984299919, 0.3838344069999457, 0.3579455265819088, 0.38402496166395217, 0.2762374429978674, 0.31495098218770495, 0.3382782507256416, 0.35689096189312497, 0.3240178020186545, 0.532764107692138, 0.5150604531508899, 0.5293658908930572, 0.532764107692138, 0.44314410592041054, 0.4253907573525781, 0.4078500114723549, 0.4773587548333015, 0.5083862988122321, 0.5126167085103644, 0.5198226456206001, 0.50272004890396, 0.47448038281998556, 0.44522127886366797, 0.45626943033256134, 0.5058193163729515, 0.4810142361718622, 0.44069472340498933, 0.5572322787671224, 0.547800221704957, 0.44607247013461837, 0.47512591998753345, 0.4815053423431562, 0.5528028631944665, 0.5672064341040218, 0.47512591998753345, 0.4776171471346062, 0.4977930741834402, 0.4484376097563629, 0.43457456037485676], [0.08640316663757178, 0.0, 0.22992372961701893, 0.3104173969512662, 0.2191816683324588, 0.6425873840817293, 0.6313505489227044, 0.5926230052816039, 0.5946688783802293, 0.6201425907805398, 0.5075985126061738, 0.5296189474650619, 0.5990488727950333, 0.49583317647067543, 0.5171601134078304, 0.6120678279047184, 0.6783354463523191, 0.6628699480056401, 0.6366415789123422, 0.5941317403690869, 0.46598342124157166, 0.4698968311714818, 0.5075690784957255, 0.5880993364339057, 0.5388803712457896, 0.41721363599000455, 0.41915449814597006, 0.4106410620700274, 0.42724370718595733, 0.39430079641816607, 0.543342466612909, 0.4539958421098149, 0.4966904748210902, 0.47405382911648336, 0.47063164005939934, 0.4223377092150309, 0.3570956648980774, 0.45267362106157677, 0.42653030902152783, 0.4527885145285821, 0.30788983644966267, 0.27443948732826334, 0.2916964222920809, 0.3005073066000226, 0.31654722624120396, 0.5601169479671188, 0.5461602472031446, 0.5602884128339618, 0.5601169479671188, 0.4742233408395247, 0.4259995957228128, 0.4042327759509365, 0.4843659088757176, 0.5112671743081108, 0.5158090624339592, 0.546875, 0.5322706616046012, 0.501566726185061, 0.4754385942032893, 0.48651091605533375, 0.520467346411857, 0.49290153118548946, 0.4517312656569169, 0.5774854206168325, 0.558885959409431, 0.4501214858202172, 0.4785684265483882, 0.48845301470049296, 0.5622556505549766, 0.575222763235253, 0.5214840118862706, 0.48958992504441917, 0.5126704814693352, 0.46116538669874174, 0.4406945414002765], [0.1896697648677828, 0.22992372961701893, 0.0, 0.44025961870014835, 0.32479251496609335, 0.6926272428731055, 0.7101695731091272, 0.6588274890515725, 0.6830699502576584, 0.7065790138250639, 0.6071473622153026, 0.6510414800003146, 0.7062874352790087, 0.6060930681050559, 0.629771741815239, 0.6405367852543676, 0.70724487449539, 0.690653889227448, 0.6513373187358452, 0.6132825020689894, 0.5301833090856406, 0.5475835337087849, 0.5754159500961021, 0.6500408900069286, 0.6187757045731515, 0.3958313906753733, 0.38786965779885385, 0.38002369569409744, 0.3926687252354076, 0.36860600284043127, 0.5429722697928505, 0.44765139703121665, 0.48911776586932515, 0.4754846813568235, 0.4776161613366951, 0.38101622523063233, 0.3971577228985985, 0.3429109077078184, 0.3973053768828204, 0.4234935592249308, 0.3356436518467168, 0.23621749978568474, 0.24969566754150938, 0.2551066042147871, 0.24761539800666674, 0.5905672957555304, 0.5644803691475905, 0.5789450991052605, 0.5919050282773411, 0.49449946380658494, 0.5494470073528473, 0.5428761237741073, 0.5812170029464038, 0.6223839131356143, 0.6255687834107454, 0.5801623036056376, 0.5564785004301603, 0.5361098104120088, 0.49882752982769507, 0.5094400059918733, 0.5977151032933667, 0.5799009637670901, 0.5346769620368919, 0.6114821627243104, 0.6462033577087016, 0.5600181085090016, 0.589166850542357, 0.5860023433750072, 0.649158612755003, 0.6636518908320836, 0.5948853484311075, 0.581103084404996, 0.5894087128775753, 0.545942562782936, 0.5498987744603547], [0.28342779369179727, 0.3104173969512662, 0.44025961870014835, 0.0, 0.11551877064789086, 0.5071980761556574, 0.44479178688572923, 0.4249635262137211, 0.4088916241866541, 0.43319336711911915, 0.41652146845150734, 0.35782600180814134, 0.42097609614442477, 0.38572569412990887, 0.40441041779978915, 0.4320174028578015, 0.4969398884955805, 0.48225718910245396, 0.46430350317007085, 0.41999751229025156, 0.46901219213576956, 0.4014315585264816, 0.4274638061356774, 0.3989153388502377, 0.3665988662462011, 0.4062565866998344, 0.3978950442428254, 0.4133632066657603, 0.41639729167466977, 0.3870532796915691, 0.367715952116576, 0.3361872034506965, 0.32116507091836743, 0.3001665826570306, 0.29105825650718103, 0.4244695190116718, 0.37351547640225036, 0.41429490752361414, 0.41359390014481595, 0.4229930325147212, 0.3030877650384456, 0.34387622329117207, 0.33311384805198363, 0.327475883866278, 0.3374542479285155, 0.3797166692048164, 0.3741677213242746, 0.3875503999481874, 0.3797166692048164, 0.30408584071771577, 0.25379925630308686, 0.2665223952184882, 0.3007964687708285, 0.3338320715524498, 0.33781491069667124, 0.4546469897953796, 0.41506483377058095, 0.41454473386113594, 0.41766676268647474, 0.40481898464622434, 0.331087814069017, 0.30468778190961315, 0.2640591465940917, 0.38890062540577125, 0.37126773854053086, 0.2710547426720292, 0.3003542306827057, 0.3049525856817744, 0.37597772805978813, 0.39038779542398605, 0.3439468401075957, 0.3318746577489761, 0.36180176612200227, 0.3225065092753943, 0.2938679566676163], [0.1780496924147862, 0.2191816683324588, 0.32479251496609335, 0.11551877064789086, 0.0, 0.5296189238631868, 0.5199666619255509, 0.4777717027137543, 0.48366559834766004, 0.5085507686445867, 0.39824342604618096, 0.42556258720075474, 0.4920048123037009, 0.37960498783472274, 0.4091296973931372, 0.5038243213551724, 0.5694971588067846, 0.5544149455579278, 0.5323923378383653, 0.4888466385534425, 0.3625, 0.35709551321180166, 0.39460353872969767, 0.4753391059285992, 0.42675419227583455, 0.37464176071548677, 0.35994951553377585, 0.33853294809368256, 0.33691509604795095, 0.3464542522065504, 0.4371546064197426, 0.34862210667712973, 0.39038441168801813, 0.3665988662462011, 0.3622856670005039, 0.3394233445978635, 0.30354612828530686, 0.3419769708796193, 0.3325771985103609, 0.3481814116233088, 0.20912998827762605, 0.25954043786855263, 0.280626635729754, 0.3027099472316693, 0.28197461823717396, 0.45160327305390513, 0.44179540458678385, 0.4556019446238131, 0.45160327305390513, 0.37042099067142514, 0.32116429898885085, 0.3043111660192573, 0.374329130004599, 0.4043149537897405, 0.4085933219938867, 0.4381552573163992, 0.42610935311959536, 0.39309357309042847, 0.3704966841538532, 0.3815032245342102, 0.40760004608684725, 0.3806121750259705, 0.33967985987544214, 0.4649681439776278, 0.4469232367129729, 0.3421529414311676, 0.3711196273144281, 0.3784576378949168, 0.45097355788782123, 0.4646836329514953, 0.3711196273144281, 0.3761331974247953, 0.3997731965514947, 0.3486141531521633, 0.3311798599749085], [0.6263832600381335, 0.6425873840817293, 0.6926272428731055, 0.5071980761556574, 0.5296189238631868, 0.0, 0.14045128158902645, 0.1045836665832672, 0.16384275575075027, 0.1650047347805511, 0.18064169280927364, 0.22868329932244724, 0.18233962035992068, 0.2427476282582386, 0.19054419849735654, 0.30765656061426677, 0.22500216279849403, 0.17870029490742317, 0.2377766203414457, 0.3029550054546054, 0.3944489898022303, 0.3440432909170007, 0.36240693477360497, 0.32906751038198834, 0.35435150225870354, 0.5519624832359532, 0.5719289197417805, 0.5996928113367709, 0.6093745928778127, 0.5970564927676442, 0.4002287735545759, 0.4812630080319908, 0.45760438282538335, 0.4625474476418609, 0.48422329084834403, 0.34394809090471773, 0.3672177131784358, 0.3946039082991956, 0.3583354539673684, 0.3364460544723329, 0.4036839621783358, 0.4805520498031405, 0.4625057577544306, 0.4584280205223062, 0.4805520498031405, 0.4481703602303481, 0.42297310789221587, 0.3643772311506305, 0.4551639340479428, 0.4625474476418609, 0.4238970348811136, 0.4862092437757637, 0.38362689484054685, 0.3649787302364345, 0.4252112966385066, 0.2821834023644906, 0.3436058783737554, 0.33255075636058923, 0.34137419532384106, 0.35276769632436583, 0.33998241108033816, 0.3923213168118705, 0.38293637905009764, 0.4259844308539926, 0.4149388190143217, 0.44975940520460495, 0.41570854715894406, 0.37013355216867333, 0.3289691251926236, 0.4154156222832743, 0.2187035180786994, 0.17544586059522752, 0.19767018489645827, 0.19325621306700597, 0.22834155094725975], [0.621558591687059, 0.6313505489227044, 0.7101695731091272, 0.44479178688572923, 0.5199666619255509, 0.14045128158902645, 0.0, 0.056136177283459564, 0.061115889889618705, 0.056136631899322255, 0.19967687526100758, 0.15547009805425607, 0.23209408918152138, 0.19504455331538995, 0.241201532984349, 0.2975197301760003, 0.2648555024027253, 0.26634505785540685, 0.32151071618998955, 0.2980801012966146, 0.39430063790970465, 0.325520600000983, 0.35180555548768694, 0.308501886362142, 0.32075340941757735, 0.5527122011897332, 0.5761547176592413, 0.6050564011106733, 0.6111234690674218, 0.5939802185258362, 0.3416041878856288, 0.4242865722598348, 0.39771565996450275, 0.3970492146069553, 0.4078307680031019, 0.33946356016662527, 0.3495909657242304, 0.38774610822676225, 0.34284744795608435, 0.3185949192469961, 0.40123609572669305, 0.4984531548400512, 0.475685053790846, 0.466666, 0.4984531548400512, 0.3622011033072649, 0.3658264677603303, 0.30760002889791793, 0.37675445130880675, 0.39870095483833495, 0.28632201483818875, 0.41587921371475156, 0.2789038781802792, 0.26056685385904327, 0.3123397737864968, 0.3003542306827057, 0.3307070261621304, 0.3208940526965247, 0.32984171011714086, 0.3345431923832855, 0.28034994733190155, 0.29753216737858784, 0.2782558361113024, 0.3223012726161657, 0.3079562444974935, 0.319709569267171, 0.28873714798238204, 0.2752839443193155, 0.23199909003700853, 0.2760254322286263, 0.16700830297922314, 0.2134600657101932, 0.25211452131521506, 0.18710045926720756, 0.1934356338552957], [0.5776095675281011, 0.5926230052816039, 0.6588274890515725, 0.4249635262137211, 0.4777717027137543, 0.1045836665832672, 0.056136177283459564, 0.0, 0.08192920968738805, 0.06043699873421911, 0.18200274723201296, 0.16119268872997927, 0.2093113541330236, 0.1754458605952275, 0.21890869799073767, 0.31800647704881735, 0.2306308549023743, 0.22913148139005263, 0.27749938923356215, 0.3154045886064437, 0.4177020197988035, 0.3532967713990604, 0.3777037437675195, 0.33655039697644096, 0.3527483978772972, 0.5069827347316672, 0.5290856647320923, 0.5576211545458081, 0.5645947504228143, 0.5500156411921392, 0.3804436581111584, 0.4634753945140993, 0.4373858159531468, 0.43800289539225656, 0.45001980936398783, 0.2948947110834645, 0.3102695691749353, 0.3437184635788424, 0.30241727849116024, 0.27913179741835215, 0.3516669395493412, 0.446562857087331, 0.42500000000000004, 0.4174467941618428, 0.446562857087331, 0.40158574046522116, 0.40104076266135347, 0.3401395143716766, 0.41986227239179275, 0.43800289539225656, 0.33242450571069515, 0.4527316392223985, 0.3190764661221507, 0.300642552618554, 0.36094540022695953, 0.31314518495100635, 0.3569224981771253, 0.3465544363357652, 0.3556353113134296, 0.36239209684815143, 0.2936695544400202, 0.34367476840902944, 0.3224520205487942, 0.3699323309931155, 0.35595079638202803, 0.36096105310407106, 0.3361635792244603, 0.2992252101494792, 0.24752224928074648, 0.32048143241847876, 0.16470931017401536, 0.19967704219814564, 0.24152516331430152, 0.1745661733326363, 0.1952587341554789], [0.5857394163696004, 0.5946688783802293, 0.6830699502576584, 0.4088916241866541, 0.48366559834766004, 0.16384275575075027, 0.061115889889618705, 0.08192920968738805, 0.0, 0.07276682700241918, 0.21407007630680194, 0.15983719690359938, 0.2532480967845563, 0.20924824438451092, 0.26218606409380346, 0.2696657555289511, 0.2759974453577424, 0.2751759203727681, 0.3243161650519443, 0.29633173977824245, 0.3734058355944642, 0.30225676501444926, 0.32956907825826137, 0.2851965452893846, 0.2948215344119218, 0.5218666003156363, 0.5460287983357655, 0.5751040252371739, 0.5800957738666952, 0.559430785471268, 0.3115004954747263, 0.39380830465595823, 0.3670352962332097, 0.36572016045605144, 0.3738180617840716, 0.30867871421917, 0.3127847613695398, 0.35418576651949185, 0.3063354312530628, 0.28189784752814273, 0.3720724539992177, 0.4676587660260417, 0.4438285720737231, 0.4337162918187418, 0.4676587660260417, 0.3220894785692323, 0.3305951430556717, 0.2957130540405682, 0.34361498851185174, 0.36572016045605144, 0.2600608268867112, 0.37675586552169293, 0.2371801032738623, 0.22502952256315167, 0.2790271621276323, 0.2800227303523769, 0.30841992421534636, 0.2990515307702002, 0.3078375297214425, 0.3111658794180365, 0.30256432282243717, 0.2641676820449466, 0.24084431978354814, 0.28871003075404217, 0.27439628539942007, 0.29003370838059495, 0.2564305630789746, 0.27324296190936004, 0.23940661435515934, 0.25344859220165333, 0.17781812430120839, 0.22794732026501208, 0.266960200913919, 0.203997356455911, 0.18272805765946287], [0.6098876049117575, 0.6201425907805398, 0.7065790138250639, 0.43319336711911915, 0.5085507686445867, 0.1650047347805511, 0.056136631899322255, 0.06043699873421911, 0.07276682700241918, 0.0, 0.20416699999999993, 0.15236133011364794, 0.2336685805922568, 0.19727142627608282, 0.24554698418225382, 0.3404544342331291, 0.2582376460897985, 0.2590132021519367, 0.31259491822484897, 0.339046140414546, 0.44353465823540783, 0.37378290627715977, 0.40054181913003795, 0.35673059006622915, 0.3673772579420234, 0.5478878866812078, 0.5715786642667832, 0.6000996733618508, 0.6060232212588887, 0.5833651026321337, 0.383549242185407, 0.4654951078153239, 0.4385707995079016, 0.4365371448342054, 0.442221022679836, 0.3346076350668048, 0.3385414800006049, 0.3796049398124319, 0.3316101735547327, 0.3074876537440162, 0.38831135611645445, 0.48565128405575125, 0.463017025199938, 0.45418062660245645, 0.48565128405575125, 0.3868998052325692, 0.40219126357990437, 0.34202791052924325, 0.41211288727483397, 0.4365371448342054, 0.28486294280056856, 0.4453314116846015, 0.2941626793884635, 0.27662840332294153, 0.3348722656312404, 0.3459098474602884, 0.3794080088150486, 0.36976072405814003, 0.37865400266338134, 0.38275638148827773, 0.2819755343943868, 0.3294319210777851, 0.30048765848200826, 0.34958748594593597, 0.33392162033177786, 0.3153078615734153, 0.29878386198220275, 0.24602369165997, 0.19859030774436104, 0.2699196903469622, 0.17385905949935423, 0.23272908572844955, 0.2729904372317829, 0.20569191498209163, 0.18341018346863952], [0.5016058323275359, 0.5075985126061738, 0.6071473622153026, 0.41652146845150734, 0.39824342604618096, 0.18064169280927364, 0.19967687526100758, 0.18200274723201296, 0.21407007630680194, 0.20416699999999993, 0.0, 0.09833612990656082, 0.1446383516844685, 0.12121122196397492, 0.09645618383494133, 0.2885017780811758, 0.32352736016912076, 0.31817069784786906, 0.35200319600821806, 0.3153373588936141, 0.2648097402381566, 0.2147563895626856, 0.227953702810461, 0.2118271365146591, 0.21546689030103908, 0.44874519225279724, 0.472114152789344, 0.49275966038221913, 0.507961368606905, 0.4756850537908459, 0.2801596170489244, 0.3417235562395428, 0.3185258126369039, 0.3243686505212858, 0.3490559609704438, 0.2402819921758599, 0.23514877087707683, 0.28770795604049604, 0.24497099087851198, 0.2091289920838333, 0.312256547391724, 0.40069332967370447, 0.37378290627715977, 0.36019466428724345, 0.40069332967370447, 0.32055022628287133, 0.30144508724641705, 0.3045083012924278, 0.32091599313994934, 0.3243686505212858, 0.3558939881706349, 0.36746871548201215, 0.2786137908377832, 0.257948392636977, 0.31423235442901165, 0.2625330561205579, 0.2760241967744857, 0.23721241707802732, 0.2720723834901293, 0.27398046726181047, 0.32380320884141955, 0.2682253695532919, 0.27030527045731095, 0.3067031975526176, 0.298958, 0.37420900407793506, 0.32563097336709235, 0.34803842417899783, 0.33846354521720645, 0.35666395576789084, 0.2164277344450106, 0.21568822482926597, 0.25721400902944613, 0.2967281941120527, 0.3150628204279267], [0.5297820158225456, 0.5296189474650619, 0.6510414800003146, 0.35782600180814134, 0.42556258720075474, 0.22868329932244724, 0.15547009805425607, 0.16119268872997927, 0.15983719690359938, 0.15236133011364794, 0.09833612990656082, 0.0, 0.1070083995301304, 0.06529356517299394, 0.10602668157119699, 0.3566026498976137, 0.3866601036621182, 0.382834678723075, 0.4209377976779943, 0.3855794605525559, 0.3274650070099094, 0.2567152876028227, 0.28379383594433477, 0.23965614165508042, 0.25050325787302646, 0.4759014449757428, 0.500721252365026, 0.5300536358313184, 0.5335323626032447, 0.5060616823955356, 0.35168525955604113, 0.35466211815755005, 0.33447852810606543, 0.32842417141860925, 0.34045135890167916, 0.27126775991628643, 0.2573114741028857, 0.30873409765686716, 0.2551571744650735, 0.2307166740419946, 0.3693453879839303, 0.45098365677815866, 0.42187660730241966, 0.40517990003083815, 0.45098365677815866, 0.32795118822471125, 0.37307387189268565, 0.37585641882240084, 0.32795118822471125, 0.3538080972858027, 0.27085754042485133, 0.3486221066771297, 0.2309830747392544, 0.2298502222165557, 0.2617897288913375, 0.31967468055665593, 0.34772348416665794, 0.30901923132711334, 0.3432698316834732, 0.34546645235825724, 0.2513989067796437, 0.2477673864292877, 0.2217179318864399, 0.26579466280947023, 0.25331333597148015, 0.29167822224156537, 0.26728939707552946, 0.3117816469903256, 0.28272184320458865, 0.293470274469153, 0.2243915383877031, 0.2745774808118831, 0.3160158508192271, 0.24823192560385943, 0.23775169393508014], [0.5960124567590849, 0.5990488727950333, 0.7062874352790087, 0.42097609614442477, 0.4920048123037009, 0.18233962035992068, 0.23209408918152138, 0.2093113541330236, 0.2532480967845563, 0.2336685805922568, 0.1446383516844685, 0.1070083995301304, 0.0, 0.11826034280772234, 0.08365234149143704, 0.333112906806386, 0.3505640557801099, 0.34995175213163315, 0.3984896196853815, 0.36914950486896225, 0.3236660293033546, 0.26769913586711486, 0.28437499999999993, 0.24437335233204127, 0.2632272028685485, 0.5444196208119247, 0.5644931673855761, 0.5966001440311592, 0.6042100039059267, 0.570845643648088, 0.34450023383446343, 0.38168211759132753, 0.3567070833555173, 0.35976905292284383, 0.37806588564561067, 0.33429593094292964, 0.3228978161168018, 0.3756374789940429, 0.3296713671673656, 0.2920313386915863, 0.41029837963365146, 0.4998181237790402, 0.4729492690680471, 0.4591378805064988, 0.4998181237790402, 0.3391048105969598, 0.3665876244119542, 0.36635904318714446, 0.34853507664652633, 0.3625, 0.33430855557403844, 0.42532486389112034, 0.30033476750120025, 0.3118331979055469, 0.3162974827120823, 0.3096826583326874, 0.34293640739064146, 0.31024401070931246, 0.35147412728819744, 0.35121361812435464, 0.23953756374522983, 0.28287426336094984, 0.27365660824653953, 0.3163170504240958, 0.30542124314461166, 0.3574007151377848, 0.3503259146009613, 0.3384635452172065, 0.3169142491589799, 0.3257536298247496, 0.19839907589502526, 0.23337020542048642, 0.28075992472217254, 0.20931036129155198, 0.18531351156890857], [0.48382876225065413, 0.49583317647067543, 0.6060930681050559, 0.38572569412990887, 0.37960498783472274, 0.2427476282582386, 0.19504455331538995, 0.1754458605952275, 0.20924824438451092, 0.19727142627608282, 0.12121122196397492, 0.06529356517299394, 0.11826034280772234, 0.0, 0.0673972900419594, 0.35000000000000003, 0.3872318838344797, 0.38144943235637413, 0.4125064556537267, 0.37420202366368893, 0.29751973017600025, 0.2326834409256489, 0.2570188817110524, 0.22274701079026857, 0.23373776910247082, 0.43486405642453363, 0.4625574810377625, 0.48755453363085444, 0.4992525440876591, 0.4600852818565271, 0.33568358789342084, 0.3514734397077537, 0.3265156611818183, 0.3296803738046898, 0.34853456259028304, 0.23775169393508003, 0.22158409313396116, 0.2737748807505904, 0.22928198538044803, 0.19667958798512872, 0.3293161426183053, 0.40787140400498784, 0.3782174258029368, 0.36081752455361693, 0.40787140400498784, 0.3157765598710582, 0.3562391634576412, 0.36067013859203817, 0.31913058107614817, 0.3296803738046898, 0.3173862819924642, 0.365840758158519, 0.25551393947101986, 0.2600598455432903, 0.2924090789373681, 0.30605643528767695, 0.33045706142402226, 0.28934425622776755, 0.3189886405156146, 0.3224551739963247, 0.2243646268109125, 0.25552557883898824, 0.24917331931007383, 0.29029619273080376, 0.28019822348651674, 0.3379626929973189, 0.2987030470718369, 0.3506829274786556, 0.3287509526815094, 0.31597064503684513, 0.18902479536822683, 0.24459062010019933, 0.2882921199772897, 0.21890865992235217, 0.19596867752271027], [0.5129666320775651, 0.5171601134078304, 0.629771741815239, 0.40441041779978915, 0.4091296973931372, 0.19054419849735654, 0.241201532984349, 0.21890869799073767, 0.26218606409380346, 0.24554698418225382, 0.09645618383494133, 0.10602668157119699, 0.08365234149143704, 0.0673972900419594, 0.0, 0.3076356904782019, 0.3403151948679342, 0.3356498382079158, 0.37160911304756783, 0.33568337688065525, 0.29876996039930126, 0.2692605544468034, 0.2599709049893853, 0.23756438144216818, 0.2529077757918882, 0.4744313257996356, 0.49759253597496816, 0.5223089907880201, 0.535124426081449, 0.4876226696627219, 0.3014450872464171, 0.3621795728212733, 0.3377314021526574, 0.34172355623954287, 0.3622603938729708, 0.2762992783794413, 0.25941948932375913, 0.3125212685818359, 0.26943984831126966, 0.23766971403399295, 0.3314535175390359, 0.4181873918532218, 0.39062500000000006, 0.37613244553082625, 0.4181873918532218, 0.32693374697941474, 0.32284057369698754, 0.3256309733670924, 0.3331315674519603, 0.34172355623954287, 0.3357012250498946, 0.4251407294579055, 0.29744326256447634, 0.29744306644801793, 0.31034287475951494, 0.26950122638867535, 0.2975089611171402, 0.25903861788544197, 0.29416352217431724, 0.29602640706700484, 0.24294726490536997, 0.2718891420340283, 0.2673165932466595, 0.3074138004465642, 0.2976834347826563, 0.3613696720036146, 0.3541807041342032, 0.35634762831398215, 0.3387511371198626, 0.33387917808093387, 0.2083753890890189, 0.2593900194783909, 0.3039736647951595, 0.23366758202412244, 0.22131398007807826], [0.5841898417304088, 0.6120678279047184, 0.6405367852543676, 0.4320174028578015, 0.5038243213551724, 0.30765656061426677, 0.2975197301760003, 0.31800647704881735, 0.2696657555289511, 0.3404544342331291, 0.2885017780811758, 0.3566026498976137, 0.333112906806386, 0.35000000000000003, 0.3076356904782019, 0.0, 0.09095919224025684, 0.15706687358574373, 0.13511552284619266, 0.09019293556038635, 0.21019932339567604, 0.21910241830020954, 0.18635669553037268, 0.19217531036530164, 0.22487913401202886, 0.5073460248085128, 0.51913908860343, 0.5392180665222559, 0.5553465452580038, 0.5581704805254394, 0.29028362133609953, 0.26416708267685435, 0.2720337791470023, 0.2487908648744966, 0.2504188082273375, 0.33227766833177336, 0.37644523404739766, 0.37869464655577056, 0.3650388262979707, 0.3516674490267759, 0.30955224089642774, 0.4047306291905766, 0.4103054214716155, 0.40418533623203107, 0.4047306291905766, 0.23125000000000004, 0.18541749882899405, 0.1854171168069442, 0.20569191498209158, 0.18710145304887404, 0.38281607844237686, 0.3909123191113321, 0.28085267845794176, 0.32180555291821794, 0.3185251144336974, 0.24807539579127957, 0.17623567711731922, 0.18253942948305713, 0.17931432965605396, 0.156771, 0.29660241579596075, 0.258334, 0.25290777579188817, 0.2744805517044878, 0.2800227191925684, 0.3868699024749794, 0.32353222391904024, 0.34600689808875196, 0.33230027300771214, 0.3961628583423741, 0.3172964678735016, 0.24823092687253936, 0.25, 0.24159527681227547, 0.2995149033754415], [0.6509065821859539, 0.6783354463523191, 0.70724487449539, 0.4969398884955805, 0.5694971588067846, 0.22500216279849403, 0.2648555024027253, 0.2306308549023743, 0.2759974453577424, 0.2582376460897985, 0.32352736016912076, 0.3866601036621182, 0.3505640557801099, 0.3872318838344797, 0.3403151948679342, 0.09095919224025684, 0.0, 0.09038507704814998, 0.08854136470599497, 0.1044209213711505, 0.2666847122802505, 0.26732534277355746, 0.22993233002124783, 0.21182713651465904, 0.256429567842712, 0.574148342943703, 0.586064909184981, 0.6061354513060592, 0.6222658883178476, 0.624751009013991, 0.243297936209907, 0.28519634075141986, 0.25468060812123094, 0.2559114455607643, 0.2706892108525938, 0.3953563080690632, 0.4371182702713306, 0.44267915668574237, 0.425923483608265, 0.4109876079506534, 0.37642207628405644, 0.4714967273364684, 0.4769879004807145, 0.47097227853983087, 0.4714967273364684, 0.2516999776181953, 0.20220440960572553, 0.17737772465842497, 0.24405283307103812, 0.24228519982863175, 0.3967099731264642, 0.4377789289413093, 0.32055120441670476, 0.35521343190397514, 0.35121320289675906, 0.22248837672561683, 0.17344991046697023, 0.20284759348091858, 0.22477062922899868, 0.19781887474404458, 0.24492283134897824, 0.27188888151044355, 0.30090664720142024, 0.24779923391729844, 0.25524201682520853, 0.35936757951295495, 0.356292701144719, 0.3431437693460279, 0.3161744963671169, 0.3481102475437918, 0.356292701144719, 0.28952734815557574, 0.2479434115478772, 0.28241284299585245, 0.345546023727665], [0.6350453316606619, 0.6628699480056401, 0.690653889227448, 0.48225718910245396, 0.5544149455579278, 0.17870029490742317, 0.26634505785540685, 0.22913148139005263, 0.2751759203727681, 0.2590132021519367, 0.31817069784786906, 0.382834678723075, 0.34995175213163315, 0.38144943235637413, 0.3356498382079158, 0.15706687358574373, 0.09038507704814998, 0.0, 0.0705899636563159, 0.15450744206348122, 0.25756823647530763, 0.2580943826006293, 0.22181903969677633, 0.20984885330399117, 0.25169997761819535, 0.5581811695641479, 0.5698171215372525, 0.5897566414895214, 0.6060549023850892, 0.6090286177225172, 0.2337567012943158, 0.31556955838768735, 0.29130230500289556, 0.29571249043116193, 0.3177080360661341, 0.3814046357623358, 0.4242036931286667, 0.42843050160440266, 0.4129235526462495, 0.3985463716181594, 0.36035316287914004, 0.4549115412143333, 0.46116494397991703, 0.45502779629380885, 0.4549115412143333, 0.2859935362521328, 0.25629327530975143, 0.1974247421677435, 0.2889755420256185, 0.29571249043116193, 0.38860779899662334, 0.4293335653428462, 0.3139036967224184, 0.3503965689843438, 0.3465794906165107, 0.1971701007049497, 0.19598331645831488, 0.1856512764324554, 0.19667958798512872, 0.20159980705595923, 0.2267509991708968, 0.2644604864095958, 0.29185209343946805, 0.27059515360220326, 0.2625330561205579, 0.35173289413985726, 0.34994441460894904, 0.3520044097934002, 0.31284012379488657, 0.32458642743035326, 0.34994441460894904, 0.28232772525028427, 0.2319995300534033, 0.2732428284804562, 0.3371784052945859], [0.6050521969425449, 0.6366415789123422, 0.6513373187358452, 0.46430350317007085, 0.5323923378383653, 0.2377766203414457, 0.32151071618998955, 0.27749938923356215, 0.3243161650519443, 0.31259491822484897, 0.35200319600821806, 0.4209377976779943, 0.3984896196853815, 0.4125064556537267, 0.37160911304756783, 0.13511552284619266, 0.08854136470599497, 0.0705899636563159, 0.0, 0.13412822948581707, 0.26773933008058415, 0.2778660773556211, 0.24805703869271684, 0.2574941349118461, 0.28948783137465384, 0.5275546166275109, 0.5358338465532017, 0.5539629797197643, 0.5722924056546619, 0.5806272879997977, 0.2083753890890189, 0.28003574672709197, 0.2551771707186989, 0.258753547850073, 0.2795473026966992, 0.3716055779398366, 0.4197288070182937, 0.4146007085980438, 0.4080839153225719, 0.39748060574699745, 0.33090397598094834, 0.4171872714321472, 0.4329978331643243, 0.42561308271833004, 0.4171872714321472, 0.24759468797613568, 0.21970158402933745, 0.1600912803871591, 0.25066117500123547, 0.258753547850073, 0.4100523205104441, 0.4486007826040877, 0.3429368873145612, 0.3855470769244658, 0.38244949194501493, 0.1954179119988749, 0.17395576120956732, 0.17184729650477484, 0.19356497236070372, 0.17728591231397942, 0.25643056307897466, 0.2917860422381441, 0.31126545965140423, 0.2334827497803638, 0.29409886199201796, 0.3758906449979834, 0.3793729878220114, 0.3431140445537023, 0.3230187747175078, 0.3325781522349296, 0.3793729878220114, 0.31000804243116015, 0.2557526589695599, 0.2927364666197227, 0.3584804441249202], [0.563533263338554, 0.5941317403690869, 0.6132825020689894, 0.41999751229025156, 0.4888466385534425, 0.3029550054546054, 0.2980801012966146, 0.3154045886064437, 0.29633173977824245, 0.339046140414546, 0.3153373588936141, 0.3855794605525559, 0.36914950486896225, 0.37420202366368893, 0.33568337688065525, 0.09019293556038635, 0.1044209213711505, 0.15450744206348122, 0.13412822948581707, 0.0, 0.22619454584494295, 0.236979, 0.2098488533039912, 0.22992285749790078, 0.25552462288397965, 0.4861276320607583, 0.495524580954366, 0.5143466513723989, 0.5319543503121297, 0.5386254202281953, 0.26485576984464587, 0.21655191251983902, 0.23506717623692175, 0.20263115587194389, 0.2333702054204863, 0.32647612520672925, 0.3745420963590074, 0.3697640204454728, 0.3628951245759579, 0.35241008986832373, 0.28868630355110375, 0.37810375089517434, 0.39070229990748717, 0.38364696895583583, 0.37810375089517434, 0.23815863133844217, 0.1672718904359008, 0.16357913026422416, 0.21293070648452747, 0.19434881098169862, 0.3869599071027902, 0.40642074008224527, 0.304434343832952, 0.3491321557132771, 0.34638180340918606, 0.2263873577830706, 0.16027549822103193, 0.18574352463814184, 0.17849984122121793, 0.16426625152172922, 0.29665333771592733, 0.2532472186086157, 0.26991965947296237, 0.2655542982706174, 0.2623962590987151, 0.3915142907276822, 0.34069653466538224, 0.33802828972291654, 0.33384254907066596, 0.3999026959561538, 0.34069653466538224, 0.2713630364843377, 0.25293504172020137, 0.2515965097790508, 0.31729644160941994], [0.4507151974772983, 0.46598342124157166, 0.5301833090856406, 0.46901219213576956, 0.3625, 0.3944489898022303, 0.39430063790970465, 0.4177020197988035, 0.3734058355944642, 0.44353465823540783, 0.2648097402381566, 0.3274650070099094, 0.3236660293033546, 0.29751973017600025, 0.29876996039930126, 0.21019932339567604, 0.2666847122802505, 0.25756823647530763, 0.26773933008058415, 0.22619454584494295, 0.0, 0.07718352441421686, 0.1422513119939496, 0.1234987260258178, 0.10491961043103436, 0.3779348415335638, 0.39959396003943803, 0.4280540687389853, 0.43594289403315195, 0.4218000438560906, 0.26744911444983327, 0.20211545105706294, 0.22942783583950746, 0.22191478360172404, 0.24737873063786223, 0.22341492524001166, 0.20533552910784825, 0.21805058325535384, 0.18976604748479114, 0.1872057568559258, 0.28635297941526655, 0.31836239764300056, 0.29592383181656734, 0.288077327190114, 0.31836239764300056, 0.27994739631759397, 0.20327278961287465, 0.20885373566206566, 0.23852208562311378, 0.20043684496618885, 0.47097363433317585, 0.24558246009232823, 0.32948325282023067, 0.3238136840792867, 0.34260913546635036, 0.18532996170344393, 0.17741396193366518, 0.13541683077077232, 0.16593576401125826, 0.16871491096225016, 0.386785703996412, 0.27070751500651036, 0.3134779789969306, 0.3093602380041753, 0.3172428517665922, 0.4703736328856031, 0.40535917929288345, 0.4093185409543526, 0.4097294922970521, 0.4873681577421734, 0.38956973806495804, 0.35121311985175047, 0.33839960763127375, 0.3003542306827058, 0.30035427923703706], [0.45589854719005196, 0.4698968311714818, 0.5475835337087849, 0.4014315585264816, 0.35709551321180166, 0.3440432909170007, 0.325520600000983, 0.3532967713990604, 0.30225676501444926, 0.37378290627715977, 0.2147563895626856, 0.2567152876028227, 0.26769913586711486, 0.2326834409256489, 0.2692605544468034, 0.21910241830020954, 0.26732534277355746, 0.2580943826006293, 0.2778660773556211, 0.236979, 0.07718352441421686, 0.0, 0.09419446676955073, 0.11826034280772231, 0.07535355785230047, 0.39242533868367885, 0.41444490685252733, 0.44190768581005696, 0.45012049534541304, 0.42898989239607965, 0.2554059450932965, 0.19170165600223696, 0.2103646701444898, 0.2136572871961076, 0.20687029618821545, 0.22404896751380038, 0.23359018285236216, 0.2232573430662472, 0.18941420569746084, 0.18423703571757766, 0.23243892865869087, 0.3279314905586227, 0.30471275052088, 0.2959228321201323, 0.3279314905586227, 0.22273421271551438, 0.21552505091056123, 0.2206859224984684, 0.19016949585304158, 0.19000166277693467, 0.3961552580188732, 0.20623985496988692, 0.2574127237142717, 0.25019380751729253, 0.2747653626533009, 0.1857448369268982, 0.18968181210648533, 0.1481673588648998, 0.1795366158782102, 0.18216498526884908, 0.3102699451912802, 0.20924824438451084, 0.24208163008580394, 0.2448389477391209, 0.2498291992942378, 0.39725419406848306, 0.3326993965368738, 0.3348048839697534, 0.3327147906916673, 0.41162148737887816, 0.3178977648380057, 0.27905427075212447, 0.27030633021259415, 0.22737991851524617, 0.22502952256315167], [0.491835422575479, 0.5075690784957255, 0.5754159500961021, 0.4274638061356774, 0.39460353872969767, 0.36240693477360497, 0.35180555548768694, 0.3777037437675195, 0.32956907825826137, 0.40054181913003795, 0.227953702810461, 0.28379383594433477, 0.28437499999999993, 0.2570188817110524, 0.2599709049893853, 0.18635669553037268, 0.22993233002124783, 0.22181903969677633, 0.24805703869271684, 0.2098488533039912, 0.1422513119939496, 0.09419446676955073, 0.0, 0.08365143246233145, 0.08802071597641092, 0.4250210373675638, 0.44353482263402955, 0.4728622611881816, 0.4811308480746168, 0.4647521038747431, 0.18048922496924852, 0.1803259240625152, 0.16471559532721852, 0.17540935925998938, 0.22050110150291766, 0.21165649397313566, 0.24155952797602503, 0.2595928777008337, 0.22438232501246613, 0.22794732026501208, 0.2558350597123076, 0.3544671039433702, 0.3335134111246504, 0.3270385080751195, 0.3544671039433702, 0.2438471743633705, 0.19557052134716016, 0.19835465571798414, 0.20708960084465855, 0.18390739739336212, 0.4252454249501104, 0.21935638730841642, 0.2852378458988218, 0.27869968404897777, 0.3007506765495299, 0.1424957589544335, 0.1703573753319768, 0.14696888104969702, 0.17289872673041876, 0.17301209891796593, 0.34006314313668284, 0.22881149883036914, 0.2695875527764589, 0.26901813045592293, 0.2755752417925093, 0.42562736854906313, 0.36084438673893765, 0.3645921035856372, 0.3627166311516471, 0.44110380634154583, 0.3454575825191857, 0.3067984458435212, 0.29572744451775185, 0.2554440780229599, 0.2542705819004629], [0.5739732870866031, 0.5880993364339057, 0.6500408900069286, 0.3989153388502377, 0.4753391059285992, 0.32906751038198834, 0.308501886362142, 0.33655039697644096, 0.2851965452893846, 0.35673059006622915, 0.2118271365146591, 0.23965614165508042, 0.24437335233204127, 0.22274701079026857, 0.23756438144216818, 0.19217531036530164, 0.21182713651465904, 0.20984885330399117, 0.2574941349118461, 0.22992285749790078, 0.1234987260258178, 0.11826034280772231, 0.08365143246233145, 0.0, 0.06346538864609592, 0.5014244496761202, 0.5228558812617488, 0.5511765205975305, 0.5593935493514383, 0.5452011338845508, 0.2180502321324148, 0.2357481471592089, 0.21445415772141138, 0.2080885192844622, 0.2084792944946811, 0.2904611808314495, 0.3100502293258304, 0.340655460922029, 0.301646869171553, 0.27904450125562413, 0.33820816906899215, 0.43756074856069993, 0.41706560849463487, 0.41067006390653804, 0.43756074856069993, 0.21877961605231872, 0.23322191982959065, 0.23086694776429126, 0.18968083184391613, 0.24430599604798897, 0.38355010039628457, 0.2533459371866855, 0.24675806583777557, 0.23864907680106373, 0.2661452054800161, 0.17560680906217732, 0.21176395217552962, 0.18693872078839097, 0.23339875180471725, 0.23025859311869343, 0.29635365905114114, 0.1956181732482951, 0.23186363835021653, 0.23715753507109985, 0.2415368126352585, 0.38568223148208425, 0.3214974797941657, 0.322063432438394, 0.31808587117475057, 0.39832684138782304, 0.3008453776161435, 0.26201145278212556, 0.25242786648466525, 0.21036480879177485, 0.20861993848383714], [0.5273742710722623, 0.5388803712457896, 0.6187757045731515, 0.3665988662462011, 0.42675419227583455, 0.35435150225870354, 0.32075340941757735, 0.3527483978772972, 0.2948215344119218, 0.3673772579420234, 0.21546689030103908, 0.25050325787302646, 0.2632272028685485, 0.23373776910247082, 0.2529077757918882, 0.22487913401202886, 0.256429567842712, 0.25169997761819535, 0.28948783137465384, 0.25552462288397965, 0.10491961043103436, 0.07535355785230047, 0.08802071597641092, 0.06346538864609592, 0.0, 0.4615851307180508, 0.4847071427542615, 0.5135493578703024, 0.5195532371499575, 0.5007214416749096, 0.24783019763136213, 0.23101531935782965, 0.21953476297160776, 0.20668125935604328, 0.19619917954976268, 0.24852286461611534, 0.2582838210283408, 0.29335832279995055, 0.25067854651126403, 0.2271337352332321, 0.30709386289048496, 0.4032433306094473, 0.38002484693635497, 0.37083299999999997, 0.4032433306094473, 0.1989720630088556, 0.24791682352958627, 0.24888812259728268, 0.1989720630088556, 0.24196302859114655, 0.36617554229904536, 0.19593331490331084, 0.22477062922899865, 0.2188946329401432, 0.2398777602113209, 0.19207398024979858, 0.22359270211927762, 0.18961845988721668, 0.2309168461676194, 0.2304987141070423, 0.28351720795218055, 0.234216423207255, 0.2089471015185423, 0.2689035246254687, 0.23337018756687847, 0.365510552363403, 0.3005569459819553, 0.3064127572050485, 0.30789360409238775, 0.3830163544523914, 0.3095557416766809, 0.27049817402895715, 0.2779088534322, 0.22750343404001624, 0.21149899444914624], [0.36277576711379167, 0.41721363599000455, 0.3958313906753733, 0.4062565866998344, 0.37464176071548677, 0.5519624832359532, 0.5527122011897332, 0.5069827347316672, 0.5218666003156363, 0.5478878866812078, 0.44874519225279724, 0.4759014449757428, 0.5444196208119247, 0.43486405642453363, 0.4744313257996356, 0.5073460248085128, 0.574148342943703, 0.5581811695641479, 0.5275546166275109, 0.4861276320607583, 0.3779348415335638, 0.39242533868367885, 0.4250210373675638, 0.5014244496761202, 0.4615851307180508, 0.0, 0.11757500561343806, 0.1925320019866827, 0.18877172888173696, 0.17931528816584488, 0.433164083534173, 0.34371919546338986, 0.3869599071027902, 0.3658273106002339, 0.3636333178409261, 0.21776846538009131, 0.251873366930686, 0.1798556363142396, 0.22131398007807826, 0.2585644152972331, 0.23864967260191244, 0.22989086612999662, 0.22466227740544248, 0.20912998827762605, 0.2103657991333192, 0.4542194364412426, 0.4376116947706037, 0.4519317725022219, 0.4561322622058212, 0.36572016045605144, 0.3903773000214024, 0.35765201010199843, 0.4125161127956095, 0.4479754659085696, 0.45178349993774675, 0.4433096354693861, 0.4255153378880719, 0.39801987317846327, 0.36792489232042996, 0.3789616620715082, 0.4400445758477203, 0.4348385651917272, 0.37979748487055576, 0.4855949257817673, 0.4947917600001035, 0.3947163585829704, 0.41444490685252733, 0.4167308029807732, 0.48914678861871314, 0.5004782868666732, 0.4604163348416301, 0.4336193149872362, 0.4318411048568675, 0.3919373922516197, 0.4141080001207415], [0.35309008812199755, 0.41915449814597006, 0.38786965779885385, 0.3978950442428254, 0.35994951553377585, 0.5719289197417805, 0.5761547176592413, 0.5290856647320923, 0.5460287983357655, 0.5715786642667832, 0.472114152789344, 0.500721252365026, 0.5644931673855761, 0.4625574810377625, 0.49759253597496816, 0.51913908860343, 0.586064909184981, 0.5698171215372525, 0.5358338465532017, 0.495524580954366, 0.39959396003943803, 0.41444490685252733, 0.44353482263402955, 0.5228558812617488, 0.4847071427542615, 0.11757500561343806, 0.0, 0.0804714580208411, 0.07120725082461761, 0.06621756281380342, 0.4436034788423103, 0.35460955592454074, 0.39802073159321744, 0.3781877164477979, 0.37687207