[[0.0, 0.04370064676681594, 0.04079613368749013, 0.05271760093727361, 0.031015710211232388, 0.11718505415250408, 0.10686941182180879, 0.10110712773637623, 0.10029580676071895, 0.10476640100882018, 0.059345576630446976, 0.07536791073418544, 0.10687586028227894, 0.09279024981385392, 0.08342393584047943, 0.08517962946427114, 0.10430726068272758, 0.12862365992480268, 0.11934451298273255, 0.10271832109040069, 0.11005752519859474, 0.12507900094568478, 0.13347711443500937, 0.1285334063968225, 0.11842517804896255, 0.07072215557094363, 0.08858256052408997, 0.09554431204817554, 0.08795370189425528, 0.08302077087165574, 0.1057670054331669, 0.1011584313908233, 0.09692192008181669, 0.09817207367392239, 0.0914672778757585, 0.1042963814622431, 0.10975676129270723, 0.12990657779180376, 0.12026118106203482, 0.11312619938002612, 0.12702673185924562, 0.11773298501852023, 0.1155798047320207, 0.11993623658515912, 0.11321968751835998, 0.10401828493313783, 0.09965677651746, 0.11456867679898627, 0.10638756317715763, 0.105145591780365, 0.13454994687632715, 0.06862530841094217, 0.12033413255770856, 0.13165628257182888, 0.12301454279917962, 0.1210203400115737, 0.12834673551753042, 0.13376743695033244, 0.1354200678810821, 0.12974494601811545, 0.1562217201741593, 0.12865404810689857, 0.15290082097258234, 0.11425501460576179, 0.12199061420812357, 0.08891158095966022, 0.09051910118701931, 0.0745914313528521, 0.09339151397487833, 0.09653369497132874, 0.1475126567081461, 0.13857055604655957, 0.13425876709911247, 0.11534926070353901, 0.11868532740644996], [0.04370064676681594, 0.0, 0.0328739120539964, 0.09249379439870914, 0.06241439063629038, 0.1338614114735316, 0.11984684575572328, 0.11637329403126107, 0.11066458278130059, 0.11958582268799074, 0.08563088474806077, 0.08465051365854911, 0.1322260229911354, 0.10837163845833293, 0.10592446843956849, 0.10666910281950101, 0.12797466465190677, 0.1452457163846622, 0.13711294314328165, 0.12049927946321806, 0.1330287550100509, 0.14528675731902024, 0.14501379820053745, 0.1391004071078765, 0.1324721318657312, 0.08621953056060669, 0.09571038912070404, 0.10361688587962402, 0.09292931601048839, 0.08612459464923204, 0.11431659445973094, 0.10396054754830304, 0.10611187376705032, 0.10532411398271604, 0.1012367828718215, 0.12315374642088389, 0.1260667533536082, 0.14301592761057946, 0.13548382891066843, 0.13385340818910932, 0.14858573527955848, 0.13259461834974462, 0.1319548770721532, 0.13439195860040978, 0.1290958793564967, 0.12690274558774212, 0.1211943471554291, 0.1280636487418052, 0.12430308273108229, 0.12074566907315729, 0.1511046973436925, 0.09181374690913321, 0.1428965323541092, 0.15588508871865364, 0.14345975065674482, 0.13559896992862658, 0.13363837591873468, 0.13573678626468016, 0.13960068000564718, 0.13241390837781258, 0.17993636457312231, 0.13385677837908397, 0.1615179481017301, 0.132288312990132, 0.13558344735000724, 0.11211268581256789, 0.1085945251253295, 0.10173285569146412, 0.11382492970848798, 0.11990590240314956, 0.13943722255376778, 0.13573179867739088, 0.14354879340814866, 0.123806370635705, 0.13151046375145395], [0.04079613368749013, 0.0328739120539964, 0.0, 0.08987805548161723, 0.05263063476684845, 0.11985663380550345, 0.10718311481571, 0.10034694926050658, 0.09467277516403363, 0.11115330398241494, 0.0834072071402025, 0.09804739581650654, 0.14292090072366162, 0.11629350492483666, 0.11562847481608672, 0.0955420121576698, 0.113679735159054, 0.126055712714419, 0.11823658823277203, 0.10221139596003172, 0.10143444281321584, 0.10462957858704314, 0.09661484732804326, 0.10667382138885322, 0.09987749170470195, 0.082745269051133, 0.08058378608502151, 0.07927924432969624, 0.06716934126809429, 0.07652065998244553, 0.11274491129959735, 0.08453732153154143, 0.09117243897912947, 0.09342949872243965, 0.08820522640459394, 0.10540676108602953, 0.1073627275522068, 0.1273243205808001, 0.11627722726145298, 0.11823425057341055, 0.13781128340203727, 0.12453025093145748, 0.12176887978120168, 0.11944685348717807, 0.11759062221812136, 0.12023787317204526, 0.11087906385685688, 0.11703412185189299, 0.11192940381020242, 0.09538399585560078, 0.1321359677399091, 0.08119978448532728, 0.12454959146921978, 0.14304847823715902, 0.13275208770372537, 0.13016904153438957, 0.09621237970381977, 0.0968961096879804, 0.09589619289333767, 0.08923516282583034, 0.18206609398584173, 0.1324996634920733, 0.13324469195888797, 0.14322532979819244, 0.15380184015254095, 0.10450845781580399, 0.09311962495037619, 0.0881115283596291, 0.10112891229513793, 0.1144814777007874, 0.12428807582540662, 0.12363746931845962, 0.13042801312221053, 0.09577402475231991, 0.1076958065388616], [0.05271760093727361, 0.09249379439870914, 0.08987805548161723, 0.0, 0.0383656261561235, 0.09993757223766797, 0.08153681607616718, 0.08263687480745911, 0.07793349623403938, 0.07436073774647012, 0.05940216769809871, 0.04982321532023152, 0.06902077293042395, 0.06429749342204427, 0.05204639291088318, 0.059192960354581325, 0.0684710360552594, 0.09980295825982127, 0.09256428235689407, 0.07837836726154329, 0.08026841676973621, 0.09690028079929944, 0.11323555152785622, 0.09747508530537195, 0.09139755529740852, 0.06802077717028403, 0.07511644642607904, 0.08408041676223146, 0.09103824476501898, 0.09010391350859187, 0.09741545884075403, 0.0966901020351926, 0.0882942466629558, 0.08119219146109917, 0.07598969722009322, 0.07931043477858371, 0.08124330756718201, 0.09144216826657697, 0.08561958923997842, 0.08091906429765755, 0.09405881404522184, 0.08017425828170377, 0.07229584046238896, 0.07487964461427093, 0.07509010774102626, 0.0686702630477655, 0.06710204923413253, 0.08408579031374547, 0.07397137732083293, 0.07481376312029904, 0.09009252192103076, 0.0341497223326606, 0.08764045352214275, 0.096030003793925, 0.0836299662031541, 0.09045535617880884, 0.09712189895192518, 0.09988177518308285, 0.09912386462719378, 0.09457825271210124, 0.12248669768578113, 0.10180289159829448, 0.1166970353182915, 0.08245215240026342, 0.09011229654588776, 0.06710298879321269, 0.07038750958090348, 0.06940925789219005, 0.07892473994809798, 0.07289772631846259, 0.11943054203225717, 0.11124618141424081, 0.11137724068513491, 0.08546492827600119, 0.08221474208293515], [0.031015710211232388, 0.06241439063629038, 0.05263063476684845, 0.0383656261561235, 0.0, 0.11399393193190377, 0.09484347888350253, 0.0916310822206315, 0.0866728799335158, 0.08953829712309228, 0.043559561599514005, 0.05585805263276469, 0.1017223472053706, 0.07536420630619822, 0.07441635812686503, 0.08059619349478853, 0.09906089322725185, 0.12005770199637195, 0.11302869054804471, 0.09119856043192656, 0.08398876501495711, 0.10313875774330526, 0.10883568339677416, 0.1075836253092774, 0.09723776370985082, 0.07838543600524503, 0.07863570391102842, 0.08441006647455526, 0.08011186245275662, 0.08563678207033465, 0.0955461149724193, 0.08996167661506532, 0.08719503842957818, 0.0864619918652447, 0.07633404279717246, 0.08779167044184175, 0.09084868332683067, 0.10486730653569369, 0.10167825377193995, 0.09273886999940087, 0.11230221990939644, 0.09948305204081148, 0.0880371399913163, 0.0919536371465807, 0.08844261125799321, 0.08420886036559636, 0.08557196073996115, 0.09263498096759373, 0.08600746328329345, 0.08158663438134178, 0.10935169868240213, 0.042957386738450516, 0.09411397917473147, 0.10796256978483984, 0.09511508531342121, 0.0891859860809909, 0.09954900333946501, 0.10233344901581438, 0.10298741519281765, 0.09686614857632633, 0.1441416966870667, 0.10278816451471515, 0.12354844576482707, 0.09071479965928804, 0.10380845172919415, 0.07234243145976248, 0.06975809922351292, 0.06933210426511388, 0.08806141307756873, 0.08893630223817865, 0.12250028843174879, 0.11290790726403258, 0.11460602579038787, 0.0894949830824651, 0.0900360648205403], [0.11718505415250408, 0.1338614114735316, 0.11985663380550345, 0.09993757223766797, 0.11399393193190377, 0.0, 0.06928457641539726, 0.052727905317400674, 0.0796377142829093, 0.08113467744139732, 0.08306570407766999, 0.06451901525517979, 0.06126400974270203, 0.06752693896757214, 0.06463147751602977, 0.07889991844846822, 0.06727810159028819, 0.05258119739395525, 0.05297742138572478, 0.06827533820195919, 0.08465047033800885, 0.07868019209284197, 0.06429511147273208, 0.05926011624033679, 0.07118724928239523, 0.05985048077168192, 0.06692888812055289, 0.07243590489966242, 0.07653454040570665, 0.06907996708531763, 0.050193293802125866, 0.05979630553744403, 0.05662668309032595, 0.06674434077087196, 0.06442857880560049, 0.06256296889987664, 0.07839080103987957, 0.07974815141029451, 0.06436489491094377, 0.07846336890156519, 0.07688541824059689, 0.0674836697451472, 0.0820040750913763, 0.08433873593132432, 0.06323373757592787, 0.07318074007142031, 0.058846659131829245, 0.06078180799411022, 0.06450011737067637, 0.06886268840387513, 0.10831179219077408, 0.0859505248336194, 0.05885128700798807, 0.07108426287302085, 0.07197798972308302, 0.09514768660524933, 0.0802520650874958, 0.08221282393149762, 0.08769153822586417, 0.0853812721279912, 0.09625822971717299, 0.07335894508502752, 0.08706849219343217, 0.07445660444180963, 0.0884864195403032, 0.12007321903215779, 0.10106820816577045, 0.09190390170434515, 0.06573310012282207, 0.08115224799391225, 0.06842090494963729, 0.0624739893538965, 0.06084985141973846, 0.06801128860499536, 0.08333722183642964], [0.10686941182180879, 0.11984684575572328, 0.10718311481571, 0.08153681607616718, 0.09484347888350253, 0.06928457641539726, 0.0, 0.019654718855787047, 0.016689709960551725, 0.013723638031855188, 0.08513079673574307, 0.06290779327377521, 0.0764280532181196, 0.07876948878284457, 0.07652554060557487, 0.06577688983480091, 0.07425697124662069, 0.06745699384806929, 0.0633039826634458, 0.053627729717131464, 0.06201242969453051, 0.06508564891435951, 0.058032383584639, 0.0576724953869074, 0.05185348745571183, 0.06266825580202601, 0.05726898389746431, 0.06285260458119958, 0.06675491955135592, 0.0606576546503412, 0.06429791799895271, 0.04583679558354663, 0.04645900026473326, 0.0528845258258854, 0.052276868167413365, 0.06023154307778382, 0.07254274921380938, 0.08143336565677613, 0.0684135734822843, 0.08653345654990496, 0.0624958223201236, 0.05303785050378752, 0.05392991039241996, 0.05430042590378874, 0.04184424261838426, 0.05122189632438285, 0.04226640168220992, 0.04954694885398701, 0.050107637053657984, 0.046890691502692664, 0.07984673956359489, 0.07120762095750016, 0.06019727212080234, 0.05578362481929136, 0.054459792188153396, 0.09441294346706872, 0.07044093846052876, 0.07338037662008007, 0.08047195863826576, 0.07762839447597097, 0.07913929377676102, 0.05557778176898944, 0.06400557602391863, 0.07166062087510518, 0.05902491584070069, 0.07828063453189807, 0.05997351090492402, 0.05244102206793559, 0.031516648283585615, 0.04036860333499233, 0.06148945265679988, 0.061218782677931856, 0.06880532199380159, 0.048640241827805394, 0.05483509382768074], [0.10110712773637623, 0.11637329403126107, 0.10034694926050658, 0.08263687480745911, 0.0916310822206315, 0.052727905317400674, 0.019654718855787047, 0.0, 0.030822804135284092, 0.031222142138063062, 0.0799168004113627, 0.056789434906251254, 0.07389963083443098, 0.07279885657059945, 0.0707509267705954, 0.06776294674139008, 0.07170894556708024, 0.0595091840970133, 0.05540166625212562, 0.05230906953090342, 0.060993048254885676, 0.06274861129929035, 0.049057426169248186, 0.04700997489381687, 0.05247126089127749, 0.05847373526770836, 0.05171078742593381, 0.056219338802527496, 0.06015919199260268, 0.055886408443383606, 0.056745216348787174, 0.044975735778991305, 0.04385458029632778, 0.05239081007294973, 0.04890002739275552, 0.05603858202962384, 0.07184324272622525, 0.07878474476209807, 0.0637970738084126, 0.08348681143374048, 0.06283153207865394, 0.054020624248971444, 0.056114991488946095, 0.05842967657375983, 0.041186206583036206, 0.055297918749565474, 0.04319489548651111, 0.04759277133480471, 0.048092123962956874, 0.04724264775963882, 0.08394748433579388, 0.06668578006928574, 0.055176968717394234, 0.052423399276854334, 0.052294197680384014, 0.09128521947853385, 0.06786609280613512, 0.07119105698240924, 0.08135430862057978, 0.07866398387744364, 0.07162798228339773, 0.05287076971620608, 0.0628892517341941, 0.0635715949227901, 0.0648472184350469, 0.08597729227629311, 0.06320228615302947, 0.05605062590072056, 0.03501052063733036, 0.04837875537432945, 0.05950558574036486, 0.05657208816340173, 0.060760859349112, 0.046654467132282086, 0.056344929020411855], [0.10029580676071895, 0.11066458278130059, 0.09467277516403363, 0.07793349623403938, 0.0866728799335158, 0.0796377142829093, 0.016689709960551725, 0.030822804135284092, 0.0, 0.01458843769825477, 0.0770084106818795, 0.06422636886727143, 0.08262084453260163, 0.07960159021727603, 0.0792591605363056, 0.060137998800134915, 0.07380410847123742, 0.07241497855634141, 0.07054715280888772, 0.05692552157051679, 0.05943129700275416, 0.05725026269570091, 0.061371344846351705, 0.06054434461725092, 0.043135005358149486, 0.05858251837289612, 0.052544712653814135, 0.054877517755516, 0.0605834732960721, 0.059241711147334154, 0.07813124027170408, 0.0398732674693126, 0.044360069299802705, 0.046412111280680894, 0.045433105933600455, 0.06377914465298817, 0.07381226073304908, 0.08840140739618949, 0.07579453293427973, 0.08887338772972231, 0.06263842502419681, 0.05262951425659976, 0.049464723657556775, 0.04987129003513299, 0.041237578920181185, 0.04789956807237905, 0.04237244898346865, 0.050037820852493156, 0.0463818539075673, 0.036347065115032974, 0.07372155743075276, 0.07169038542988301, 0.06483464409383637, 0.06162081824898619, 0.05847260953226724, 0.09180301313747481, 0.06380498337701604, 0.06972621403762626, 0.07692388313319432, 0.06984527818754305, 0.0918223608070899, 0.054494017173312315, 0.06119158293060399, 0.08230735001439186, 0.061500671990159475, 0.06665140820685743, 0.05130993554510038, 0.050177799743141, 0.03292446687725633, 0.03303635418568608, 0.06217113509178589, 0.06146979438703976, 0.07340064322795453, 0.0457029983865674, 0.04967772225746078], [0.10476640100882018, 0.11958582268799074, 0.11115330398241494, 0.07436073774647012, 0.08953829712309228, 0.08113467744139732, 0.013723638031855188, 0.031222142138063062, 0.01458843769825477, 0.0, 0.07390455582094957, 0.06571219993874382, 0.08032126074799775, 0.0760814661577699, 0.07190405646707045, 0.05367020284328533, 0.06958517995128793, 0.06827330100185094, 0.06542479047524909, 0.04549124949422226, 0.062296672361406416, 0.06543382189127933, 0.06941492405000659, 0.06591727651656443, 0.050650988917163, 0.060462589100123254, 0.05715654214289076, 0.06588707553928161, 0.07130590377517365, 0.06371323331207457, 0.07015341881716056, 0.042926310515916555, 0.04384874367217325, 0.04556974450774269, 0.047550143582157006, 0.06231122767071807, 0.06867925261960509, 0.0802066956926539, 0.07142699394417754, 0.08401343495737557, 0.05418999065392948, 0.04448915873202758, 0.04474251033990227, 0.04529904535326427, 0.036482386045153116, 0.04258031963942013, 0.03546444301049263, 0.045544741884384454, 0.040695087929764076, 0.03723472843533603, 0.07200527003898183, 0.07135838403601852, 0.0637607989679718, 0.061555992884309255, 0.0584510128788371, 0.09171896597156612, 0.06938451804775503, 0.07179640029059435, 0.07974035725453267, 0.07399200148582342, 0.08419998012307545, 0.05554658349316037, 0.06488134442745885, 0.07141887649245636, 0.05427723417995352, 0.06376999859174526, 0.052017832611209125, 0.04696843931440604, 0.030275156538952765, 0.03295459166612438, 0.05891158827176757, 0.0611346031493473, 0.07194899445910252, 0.04928624708090128, 0.049287021937894734], [0.059345576630446976, 0.08563088474806077, 0.0834072071402025, 0.05940216769809871, 0.043559561599514005, 0.08306570407766999, 0.08513079673574307, 0.0799168004113627, 0.0770084106818795, 0.07390455582094957, 0.0, 0.04361121266265394, 0.06790892965393241, 0.038064953212190486, 0.043737244203967955, 0.05226951475719693, 0.05602080393624993, 0.06200497075308987, 0.061019811530239346, 0.05485359024263152, 0.06801374161202725, 0.07383474993236602, 0.06312051882444354, 0.07300511412057518, 0.07677825235978894, 0.055322641035319156, 0.06607640660441245, 0.07094136743554039, 0.07042730825371162, 0.0812922722064568, 0.06695177189071308, 0.06144943327375359, 0.05645078505464746, 0.06169360868996535, 0.05786849266725305, 0.06036950652815033, 0.07492540525261246, 0.0771972659451303, 0.06727207584763686, 0.06465434698798983, 0.06355602829394164, 0.06655532360708838, 0.06957566987389935, 0.07356774708034286, 0.06283832887023368, 0.05812237441912767, 0.053956466271576714, 0.059232166087535655, 0.05646319404537402, 0.054488242241136506, 0.09387601970540668, 0.057914752251146215, 0.04329229246197905, 0.05735858913531715, 0.05714648749018579, 0.051399377612581953, 0.07194104231776542, 0.07760217917987, 0.07766745727270392, 0.07457847650884819, 0.08938944204808104, 0.0718353846372779, 0.0840410592762146, 0.08106120944690855, 0.08252196082531782, 0.08262707359913721, 0.06258332634036336, 0.06340825188974582, 0.056272751872206865, 0.06003170698913855, 0.0783043099624401, 0.07233596838687151, 0.07330603485580081, 0.07164861350673415, 0.07340184085933507], [0.07536791073418544, 0.08465051365854911, 0.09804739581650654, 0.04982321532023152, 0.05585805263276469, 0.06451901525517979, 0.06290779327377521, 0.056789434906251254, 0.06422636886727143, 0.06571219993874382, 0.04361121266265394, 0.0, 0.043466744728649614, 0.027806190784006354, 0.026398193075736653, 0.06467267332219459, 0.06374479385850135, 0.07118040228713911, 0.06754235438879466, 0.061594091964222906, 0.06086923554016898, 0.06214534617952058, 0.06141819349995112, 0.05556110373894252, 0.059851918926543235, 0.045341297251305486, 0.0518740113609393, 0.06771181911279989, 0.07440648879000666, 0.0647435817502825, 0.05198730528293431, 0.053440643827077805, 0.04266241793787873, 0.04891925902156304, 0.047171068604954215, 0.04570318195284709, 0.06170994598749899, 0.0827013214631598, 0.058206418119969246, 0.059754657565866134, 0.0734240851261016, 0.061868587265662925, 0.05982678377377933, 0.0657513097107408, 0.04775658683221404, 0.045622503133791105, 0.05037039988866574, 0.052404369757649415, 0.05051230815108916, 0.055156530381680405, 0.07411006403448556, 0.0402410067291491, 0.0488857182742653, 0.04940018527702375, 0.045798819852779185, 0.056199219835922784, 0.061858419864863665, 0.06722292617835783, 0.07911760469135576, 0.0792630988680662, 0.07181317239166131, 0.06383812951291233, 0.08077368027805944, 0.06191274448242533, 0.06192675195167831, 0.07194407677222478, 0.05392926219776434, 0.06045705800827053, 0.05053880656728504, 0.05112315900496098, 0.0696625596969446, 0.0605411473405956, 0.06296954138258748, 0.054922694766155085, 0.060859542895271374], [0.10687586028227894, 0.1322260229911354, 0.14292090072366162, 0.06902077293042395, 0.1017223472053706, 0.06126400974270203, 0.0764280532181196, 0.07389963083443098, 0.08262084453260163, 0.08032126074799775, 0.06790892965393241, 0.043466744728649614, 0.0, 0.039753897412691835, 0.031225830851367674, 0.06889687913904426, 0.04290571333229422, 0.041913652811779896, 0.041324816278578765, 0.07742754797686896, 0.08283393137439764, 0.07977675377099935, 0.076701857981272, 0.06764523295898833, 0.07834782607696408, 0.05797308503889792, 0.08124946134027357, 0.08729061068659513, 0.10117569697636514, 0.08851218671111494, 0.06227328929894976, 0.07722370988699997, 0.06865070081558144, 0.07325645889449564, 0.07472763871115042, 0.06639945408065355, 0.07967102089803693, 0.07662778258458108, 0.06185668927579564, 0.06624495597041369, 0.06249081196981949, 0.05991331474459122, 0.07385404365696022, 0.07914064426235097, 0.06234263067547293, 0.060372761289149306, 0.05725230283219856, 0.057074485165983, 0.06819315198070634, 0.0784060593549064, 0.09315126324952357, 0.08039183066526664, 0.04930630700569346, 0.050152496072592714, 0.04959141864940371, 0.07987736406803932, 0.08541899374909204, 0.09086116949254028, 0.09533123714750433, 0.09567828983469168, 0.0863240054024351, 0.06949942487506965, 0.08400725543541684, 0.06904307856437977, 0.07316967493615877, 0.09939961396155525, 0.08850766102624694, 0.07655547670995881, 0.05788103407761312, 0.0637709910712039, 0.08032476871738535, 0.07109493944189428, 0.07013624417516086, 0.08050165652705078, 0.0830240126030235], [0.09279024981385392, 0.10837163845833293, 0.11629350492483666, 0.06429749342204427, 0.07536420630619822, 0.06752693896757214, 0.07876948878284457, 0.07279885657059945, 0.07960159021727603, 0.0760814661577699, 0.038064953212190486, 0.027806190784006354, 0.039753897412691835, 0.0, 0.023573317315365015, 0.06182987212229034, 0.048681061910284, 0.05090871222897897, 0.049762888313773776, 0.05700566960366715, 0.06445884252760758, 0.06311427658973004, 0.06018673234180569, 0.05984723345640627, 0.0626704712713852, 0.04698220536621904, 0.05976578446862198, 0.06800525091599993, 0.08134793107229718, 0.06805364022712887, 0.045718156588519784, 0.059105003645287, 0.0500697011298024, 0.055195808299312005, 0.05454538488246195, 0.05100733412393872, 0.06384113190903246, 0.060570796991835596, 0.04958729455233251, 0.05398556115879985, 0.053488636603062106, 0.04595734401368756, 0.05273607273331767, 0.05617198129713125, 0.044307591816689376, 0.049259875626496946, 0.0470452768706116, 0.03854388646518958, 0.05047349588137563, 0.0597063539460516, 0.07268310468989547, 0.05064596280665937, 0.032312777735921935, 0.035475834904784766, 0.033483549325738465, 0.05562257746332396, 0.06624939876921442, 0.07117214943855538, 0.07598872013766444, 0.07468058109412729, 0.07058717621338043, 0.050226375888537615, 0.06971016571978195, 0.058778060507861954, 0.06603868868583913, 0.0827838218849436, 0.06325830933094062, 0.06651009148881647, 0.0596495955656991, 0.05885619100996334, 0.06632027543473334, 0.05535499857761628, 0.060451705220176274, 0.060587688631075144, 0.06177128773798941], [0.08342393584047943, 0.10592446843956849, 0.11562847481608672, 0.05204639291088318, 0.07441635812686503, 0.06463147751602977, 0.07652554060557487, 0.0707509267705954, 0.0792591605363056, 0.07190405646707045, 0.043737244203967955, 0.026398193075736653, 0.031225830851367674, 0.023573317315365015, 0.0, 0.0561400990996693, 0.037503443255885685, 0.0489672060392153, 0.04485378165415581, 0.06205047300278377, 0.07199280218914554, 0.07161716424769082, 0.07170262103219853, 0.0651520633965804, 0.0670799443741933, 0.03954391693736517, 0.06129640374803873, 0.07487628068027692, 0.08540750655887537, 0.07362389728063165, 0.0503308376529515, 0.06602931155329228, 0.053452582044954136, 0.059966027795257476, 0.059103505058817805, 0.05549333356282122, 0.06816569566003045, 0.07461477304212538, 0.058163244578464196, 0.060646423966756374, 0.057699690415656715, 0.05525719063824555, 0.0638623548640162, 0.07002412676834573, 0.05144144067003178, 0.044689760553788815, 0.04379028415471357, 0.049312629029493904, 0.04816548185752575, 0.06061374697211769, 0.085363399515686, 0.054896780253559624, 0.047064064856005255, 0.050895718460434336, 0.0467166137983004, 0.06792829841164146, 0.0776373337354155, 0.08188650888592364, 0.08585355177942841, 0.0860789815678289, 0.08423356129759645, 0.06982585899000718, 0.08535394516118058, 0.07075929241802618, 0.07083948914505019, 0.08339402529131901, 0.06717916960079356, 0.059341115703752396, 0.0518343317223172, 0.05437808904942559, 0.07917897124889403, 0.07267929910408603, 0.07584742471046099, 0.06689338440205843, 0.07199043720086226], [0.08517962946427114, 0.10666910281950101, 0.0955420121576698, 0.059192960354581325, 0.08059619349478853, 0.07889991844846822, 0.06577688983480091, 0.06776294674139008, 0.060137998800134915, 0.05367020284328533, 0.05226951475719693, 0.06467267332219459, 0.06889687913904426, 0.06182987212229034, 0.0561400990996693, 0.0, 0.04422240177472904, 0.06599558466118717, 0.0631751102122256, 0.02487353810141016, 0.05788355055414239, 0.05989386913330225, 0.07048991006979984, 0.05824060106352832, 0.06888266339192292, 0.04030922390948913, 0.04581320269410537, 0.05953350478813236, 0.05343996572212244, 0.054781794911514456, 0.08301573956558056, 0.06274093791014362, 0.0658587160382827, 0.055418968940772535, 0.05668631311160608, 0.04855557176353025, 0.05621562614032909, 0.06441041380198642, 0.053167079772065466, 0.06634027316031241, 0.04695571259690584, 0.037318860510139606, 0.05050674438359877, 0.054348526703607875, 0.037275206148807666, 0.0399244906865104, 0.02656105331344235, 0.041268225947972595, 0.03657254861914837, 0.03879219868754598, 0.07302441080623354, 0.06223091123501692, 0.054313460676769454, 0.07211721478451573, 0.06735045668032075, 0.07064169724454707, 0.058228694522451024, 0.06377040114550622, 0.0657333325085719, 0.06662194212487833, 0.1040417952393381, 0.08052208556572049, 0.08749747770643876, 0.08779975571839951, 0.07299114471994093, 0.06244453670301628, 0.05825115545063737, 0.05536244568197874, 0.05128719623972887, 0.042396780483256846, 0.08604437187798149, 0.07821748325868501, 0.08686985230454067, 0.06642283542139296, 0.0675208074882123], [0.10430726068272758, 0.12797466465190677, 0.113679735159054, 0.0684710360552594, 0.09906089322725185, 0.06727810159028819, 0.07425697124662069, 0.07170894556708024, 0.07380410847123742, 0.06958517995128793, 0.05602080393624993, 0.06374479385850135, 0.04290571333229422, 0.048681061910284, 0.037503443255885685, 0.04422240177472904, 0.0, 0.03585470126138064, 0.03363056303927443, 0.05435535424364234, 0.05646052552071621, 0.0487148752055408, 0.0632902444935831, 0.04631267862517736, 0.05704906473720007, 0.03406406578304186, 0.06389882086613743, 0.07023040771953264, 0.07766694911938701, 0.07567438316552248, 0.07546495821607488, 0.06488418469154189, 0.06010221973817563, 0.05524567890354533, 0.059640937408906136, 0.05517342103001041, 0.06713966867689686, 0.05985266858480624, 0.048177953728334354, 0.05194459886681487, 0.04792477558027567, 0.04468780052875515, 0.06565173346057163, 0.07212929913802556, 0.054332035190397046, 0.048220366947377635, 0.03721035472300552, 0.04118513844964962, 0.05031860557211625, 0.057684575928717285, 0.07932646155524892, 0.06870913464362943, 0.04659972172310797, 0.05605738854330872, 0.05350196297403241, 0.06394175545868239, 0.07109446795513491, 0.07768336092356781, 0.07929504820644398, 0.07591411897549555, 0.09741233357750374, 0.08143578061468507, 0.08173765451718157, 0.08889582608523605, 0.08903120318600662, 0.0837157095035568, 0.07784880479930498, 0.06863341494576075, 0.061922131534654076, 0.06580320298374387, 0.07892853503275776, 0.07199387915286255, 0.07972060715887948, 0.07009181552737034, 0.07007574043027676], [0.12862365992480268, 0.1452457163846622, 0.126055712714419, 0.09980295825982127, 0.12005770199637195, 0.05258119739395525, 0.06745699384806929, 0.0595091840970133, 0.07241497855634141, 0.06827330100185094, 0.06200497075308987, 0.07118040228713911, 0.041913652811779896, 0.05090871222897897, 0.0489672060392153, 0.06599558466118717, 0.03585470126138064, 0.0, 0.011948015932187066, 0.06537644742689816, 0.06341775424742913, 0.053593155228330566, 0.048018333879089554, 0.03950223513722502, 0.050638550303206645, 0.04481234279008782, 0.07275312694929051, 0.06795018203501799, 0.08032698083831631, 0.07474467992872577, 0.06236491335837584, 0.05573544738673373, 0.047662623496392366, 0.05721235349381864, 0.057511771471970445, 0.05583641991557152, 0.06485834113939992, 0.04780733469485557, 0.047250321160828036, 0.0489098554905123, 0.036973391900942926, 0.047465656014144875, 0.06351914097714306, 0.06721561913371724, 0.059020976824177104, 0.05908472122890068, 0.05034499639568862, 0.04839326960759646, 0.061131873258101, 0.06298744644195323, 0.07691978842610975, 0.08305532387984402, 0.04747044852876611, 0.04595546419321729, 0.04719587012178755, 0.06488874168251142, 0.06462164189405395, 0.0662761333585971, 0.06566667153171646, 0.06569007985294122, 0.06601513376080025, 0.056641327997259364, 0.06068713664727033, 0.07395744102027714, 0.06859459809316147, 0.08218964061358752, 0.08248251157423162, 0.07182282369102402, 0.049338116582233985, 0.06347933143734927, 0.049970310843574825, 0.047549722466936555, 0.0543190533384878, 0.06231584066651656, 0.06457981542909091], [0.11934451298273255, 0.13711294314328165, 0.11823658823277203, 0.09256428235689407, 0.11302869054804471, 0.05297742138572478, 0.0633039826634458, 0.05540166625212562, 0.07054715280888772, 0.06542479047524909, 0.061019811530239346, 0.06754235438879466, 0.041324816278578765, 0.049762888313773776, 0.04485378165415581, 0.0631751102122256, 0.03363056303927443, 0.011948015932187066, 0.0, 0.06192427665269807, 0.06409048329278658, 0.05214910712050715, 0.045071329181244776, 0.04150916378268417, 0.04547024018437695, 0.04039526401067499, 0.06596215369878872, 0.06496188549401147, 0.07421465544075637, 0.06829383918910256, 0.05436251173637589, 0.056069421731704136, 0.047531743564337495, 0.05625676084219473, 0.05804011295296523, 0.0560264129316182, 0.06916002380704277, 0.05189376741421889, 0.04879428331360065, 0.05726867144221052, 0.03787046717729853, 0.04747523602297775, 0.06825407200161802, 0.07299006156338828, 0.05942190230792836, 0.05546729143674228, 0.043781502421161, 0.042351750594285864, 0.057825339638044176, 0.06102537465314375, 0.07778365061829506, 0.07889363738043341, 0.04520051110186849, 0.04414873288120885, 0.044822981684564264, 0.06368974996290122, 0.06445246124630434, 0.06480511404453351, 0.06458768447441035, 0.06733655677252148, 0.06961529072332764, 0.0550669905419931, 0.05949193483282791, 0.06533484688914312, 0.06620983174376491, 0.08748142652447428, 0.08285809560902434, 0.07171080671772659, 0.04843333401787585, 0.0636321103278441, 0.05551180519113559, 0.05120594435786628, 0.059865985570829304, 0.05804357165929526, 0.06550883870683494], [0.10271832109040069, 0.12049927946321806, 0.10221139596003172, 0.07837836726154329, 0.09119856043192656, 0.06827533820195919, 0.053627729717131464, 0.05230906953090342, 0.05692552157051679, 0.04549124949422226, 0.05485359024263152, 0.061594091964222906, 0.07742754797686896, 0.05700566960366715, 0.06205047300278377, 0.02487353810141016, 0.05435535424364234, 0.06537644742689816, 0.06192427665269807, 0.0, 0.051243530515537726, 0.05301460793748382, 0.05090392036786795, 0.05343329871697676, 0.06523316340824775, 0.041768523052126444, 0.03330266445886356, 0.0498739610614522, 0.043832259568527314, 0.047059399740391236, 0.06174408863838465, 0.051526444503519016, 0.05198512963179816, 0.05699689322810296, 0.05330160446421833, 0.042967140584390884, 0.052919202247744636, 0.05343006318653157, 0.043570545277775, 0.0632406880742449, 0.049061321323069736, 0.03826931749344485, 0.0484434136206941, 0.05211153720345495, 0.03276540773341306, 0.04522563836022188, 0.024239539729941473, 0.0343541458145601, 0.025321090378534777, 0.033610816047678335, 0.07201880719135527, 0.059079724626097334, 0.04459898272049828, 0.05900910485681006, 0.059750573281773814, 0.06810234998756079, 0.05130118222872286, 0.05567738554244249, 0.061828352771715826, 0.06666543911418496, 0.08714318260941807, 0.06481318824723586, 0.07588498465228696, 0.0693074444061354, 0.07113547059225091, 0.07836004063940749, 0.0599195429986628, 0.062331403523108134, 0.04796712339278693, 0.04660168943751361, 0.07545936486647568, 0.06919144445759892, 0.07424183340939025, 0.058484224202313084, 0.0647951140610844], [0.11005752519859474, 0.1330287550100509, 0.10143444281321584, 0.08026841676973621, 0.08398876501495711, 0.08465047033800885, 0.06201242969453051, 0.060993048254885676, 0.05943129700275416, 0.062296672361406416, 0.06801374161202725, 0.06086923554016898, 0.08283393137439764, 0.06445884252760758, 0.07199280218914554, 0.05788355055414239, 0.05646052552071621, 0.06341775424742913, 0.06409048329278658, 0.051243530515537726, 0.0, 0.02504234255161071, 0.04211194019534207, 0.03950571239560461, 0.04799426868729182, 0.05821201006326536, 0.04919558982996429, 0.04675695136419028, 0.05406923535152796, 0.05437727992481737, 0.08894236242353262, 0.057794997201804976, 0.06159428463423356, 0.06307531064694422, 0.05684675978657405, 0.042911744702775326, 0.04762427523973964, 0.0671305560427922, 0.050348803010222265, 0.04853203628559209, 0.0728419741667994, 0.0558597602741734, 0.05556664760897162, 0.053444724878371375, 0.04719040790454132, 0.05787826874147834, 0.04770087200389023, 0.041160478041629714, 0.04691652274093547, 0.04440840627087367, 0.0696470164938798, 0.06030618918942821, 0.04704983615372596, 0.055688427369263584, 0.05152618712550166, 0.08008709132712763, 0.04941165395711741, 0.04664512116483266, 0.05011028710042312, 0.05861454139133662, 0.10117695518188324, 0.07249246942482748, 0.06388406401351446, 0.08189686910437798, 0.0916162209599152, 0.08249258970745384, 0.0660009745848123, 0.07087675232729021, 0.06356313883591974, 0.06376118608426873, 0.07743116756346652, 0.062379164142111615, 0.06873269068563402, 0.04398358943197982, 0.049792129242452215], [0.12507900094568478, 0.14528675731902024, 0.10462957858704314, 0.09690028079929944, 0.10313875774330526, 0.07868019209284197, 0.06508564891435951, 0.06274861129929035, 0.05725026269570091, 0.06543382189127933, 0.07383474993236602, 0.06214534617952058, 0.07977675377099935, 0.06311427658973004, 0.07161716424769082, 0.05989386913330225, 0.0487148752055408, 0.053593155228330566, 0.05214910712050715, 0.05301460793748382, 0.02504234255161071, 0.0, 0.03495182738381169, 0.02398714443739665, 0.02964228901539431, 0.047393306070301774, 0.03966281150282855, 0.0407692632055206, 0.04902315440184492, 0.04984859017822839, 0.0918318983355565, 0.050463631678112665, 0.05593400016037858, 0.059202427050205245, 0.05242373593918793, 0.04436084825253429, 0.0487905279751443, 0.06853226219191802, 0.05463524606085028, 0.045360018065742705, 0.05807715369018947, 0.05388667969436617, 0.059430263325380525, 0.05920425015811473, 0.05066725619866821, 0.04762385269680956, 0.042275254312109545, 0.0333549908702666, 0.04223460208614268, 0.038243891204193636, 0.061818704589296676, 0.06392032016825888, 0.04306753753706174, 0.050349670724890536, 0.04608488169682179, 0.07083409187773547, 0.03426907026343003, 0.038115923223347274, 0.041951129679640195, 0.046599555900970896, 0.08701244314799053, 0.06388453645472522, 0.05210898463354659, 0.08403647432871293, 0.08395238866796767, 0.08091634030873024, 0.06864051856598732, 0.07356771539862478, 0.06626249126528987, 0.0686935818814236, 0.06544228189992136, 0.05668602468677922, 0.0648589228127994, 0.03845827769397926, 0.048423145167925306], [0.13347711443500937, 0.14501379820053745, 0.09661484732804326, 0.11323555152785622, 0.10883568339677416, 0.06429511147273208, 0.058032383584639, 0.049057426169248186, 0.061371344846351705, 0.06941492405000659, 0.06312051882444354, 0.06141819349995112, 0.076701857981272, 0.06018673234180569, 0.07170262103219853, 0.07048991006979984, 0.0632902444935831, 0.048018333879089554, 0.045071329181244776, 0.05090392036786795, 0.04211194019534207, 0.03495182738381169, 0.0, 0.021204294938343332, 0.040295885490753094, 0.04956218097954482, 0.04674816146647842, 0.045615332585167215, 0.04144036346656911, 0.04889804147701479, 0.06797010931367081, 0.04622786225295958, 0.04346087144076316, 0.06384824015477339, 0.058522085109299266, 0.053250461661426884, 0.0668186975784419, 0.07508092441319991, 0.05992222409101186, 0.06584343057622388, 0.06332069481223547, 0.06897006648354659, 0.07826517427496807, 0.07548412340213675, 0.06646967703573618, 0.0738229026976281, 0.054399479128339895, 0.04781765738076936, 0.06267058295920866, 0.05436142211906206, 0.0713611792085041, 0.07429376544777436, 0.040224174850899054, 0.045775333550892236, 0.04895528467215769, 0.05076199520197295, 0.03453526599597079, 0.03060592139971121, 0.037281056348057826, 0.04252586735900357, 0.0652169228474341, 0.06068758894799858, 0.05719682400030878, 0.08562500916747812, 0.08338580360823009, 0.10060619780803284, 0.07681052486576159, 0.07466195202382175, 0.059759459088748274, 0.0672975125028914, 0.0497540982851998, 0.04632065828501014, 0.04988444555285388, 0.04914747212147529, 0.06507095874501395], [0.1285334063968225, 0.1391004071078765, 0.10667382138885322, 0.09747508530537195, 0.1075836253092774, 0.05926011624033679, 0.0576724953869074, 0.04700997489381687, 0.06054434461725092, 0.06591727651656443, 0.07300511412057518, 0.05556110373894252, 0.06764523295898833, 0.05984723345640627, 0.0651520633965804, 0.05824060106352832, 0.04631267862517736, 0.03950223513722502, 0.04150916378268417, 0.05343329871697676, 0.03950571239560461, 0.02398714443739665, 0.021204294938343332, 0.0, 0.03561795827456479, 0.03973090682355593, 0.04449585303479058, 0.053405628242290726, 0.0522185126658477, 0.05463636989543187, 0.07329672682322333, 0.04396977265137907, 0.045742071997768294, 0.05234668080940061, 0.04976971894613966, 0.044601100423889935, 0.05766162708096043, 0.06613383489078609, 0.04997717954196686, 0.05280453665606959, 0.05395410791604262, 0.050926602424637285, 0.06347166881426186, 0.06371104589679867, 0.050357641645089685, 0.06013094720320547, 0.04443285605478216, 0.036832206298296526, 0.05330885664483784, 0.04540160973467469, 0.057537696402983715, 0.07289817504105048, 0.04448400797539033, 0.04851532852087502, 0.04905436889247353, 0.053833791661990905, 0.03201970213231933, 0.034266252585222576, 0.04518259129199022, 0.04749457086671337, 0.06542702250952614, 0.0580391175995708, 0.05772352560773755, 0.07900010619807596, 0.06765303752646162, 0.08746726893869247, 0.07363734961755056, 0.07649717375890122, 0.06301172424850682, 0.06836069784163917, 0.046798557463452926, 0.04093237901434582, 0.04809577073322416, 0.04855923240606828, 0.05959874705928363], [0.11842517804896255, 0.1324721318657312, 0.09987749170470195, 0.09139755529740852, 0.09723776370985082, 0.07118724928239523, 0.05185348745571183, 0.05247126089127749, 0.043135005358149486, 0.050650988917163, 0.07677825235978894, 0.059851918926543235, 0.07834782607696408, 0.0626704712713852, 0.0670799443741933, 0.06888266339192292, 0.05704906473720007, 0.050638550303206645, 0.04547024018437695, 0.06523316340824775, 0.04799426868729182, 0.02964228901539431, 0.040295885490753094, 0.03561795827456479, 0.0, 0.045618068929658924, 0.041041505673077516, 0.041552380001201844, 0.050695931105379545, 0.04609984479165, 0.07399644581430001, 0.04185748722208868, 0.04095167132299297, 0.04550941582325604, 0.044494555579202025, 0.05533997649590407, 0.058753589954837385, 0.07166874953652022, 0.06294098071130858, 0.06043010902920008, 0.04800396120613422, 0.046310766390170253, 0.05551530017427387, 0.05694887731986514, 0.04646806095598974, 0.0392176378054261, 0.046365067769042215, 0.040396781272540115, 0.04708960990549771, 0.035527820580817104, 0.05009967135192189, 0.07042397460819808, 0.04914270595013211, 0.05161514743118671, 0.042541609639772035, 0.0642969869191416, 0.034233904992918555, 0.03620582883432085, 0.036823464734186746, 0.04014511111244184, 0.0838289692240818, 0.05118083678751015, 0.04056218217170607, 0.08063272790683676, 0.06740555204895578, 0.0695119169726461, 0.0646887422251653, 0.07142828049410528, 0.060180444988278445, 0.06074117883948614, 0.048714185847321304, 0.05423800318092611, 0.06464950398614082, 0.037038769061192134, 0.048581455747137486], [0.07072215557094363, 0.08621953056060669, 0.082745269051133, 0.06802077717028403, 0.07838543600524503, 0.05985048077168192, 0.06266825580202601, 0.05847373526770836, 0.05858251837289612, 0.060462589100123254, 0.055322641035319156, 0.045341297251305486, 0.05797308503889792, 0.04698220536621904, 0.03954391693736517, 0.04030922390948913, 0.03406406578304186, 0.04481234279008782, 0.04039526401067499, 0.041768523052126444, 0.05821201006326536, 0.047393306070301774, 0.04956218097954482, 0.03973090682355593, 0.045618068929658924, 0.0, 0.03312749412736907, 0.04952308122667767, 0.047630502154313845, 0.038002003217692044, 0.041490007001322576, 0.033416908618326364, 0.026355016932526558, 0.038493698319179176, 0.0344030783568411, 0.03781080886425037, 0.050682877758518596, 0.06169042850943077, 0.04966132566560766, 0.058562388268302824, 0.05889240970875124, 0.047124503083315075, 0.06921243112506939, 0.07548588438695784, 0.04854183990733826, 0.04711937836906036, 0.031244