[[0.0, 4.608062460315038, 7.886572341371287, 9.635094141995014, 5.1417965715426766, 24.149051263123294, 23.638653336470874, 22.567518172484263, 21.532838678372592, 21.236294260236782, 19.54849541230604, 23.04439120588745, 23.62795513734778, 20.565850460970786, 20.113633254773028, 19.429861705913737, 21.591266885151015, 22.111497094763475, 21.99082113071988, 18.930405782133224, 16.920940269136185, 15.839801814373663, 15.567974672487395, 16.435040360848642, 14.754094847839854, 15.635238652131914, 15.335881232487777, 14.751951901171426, 14.081832726676303, 15.609584532931388, 15.15158898179569, 11.412622900831442, 11.934904557908787, 11.298835475524562, 10.690271321941486, 15.630547798328672, 15.663234892993236, 14.628708654839814, 14.591435900202526, 17.183167896352526, 15.98163655810606, 13.858260083060332, 13.938535920810697, 14.362656979442987, 14.408903403663208, 18.59152841528596, 18.078549444135774, 17.430591283082865, 15.812002263394513, 15.422698791546674, 15.230834791093525, 8.535548503222678, 13.358744980850702, 14.32247149600922, 13.509047398269406, 18.167556070024645, 16.718865379440974, 16.140703716595766, 15.278007995242211, 16.0627141731109, 21.31143206644475, 16.868446127676915, 17.494760493150327, 18.702445814239926, 19.047333461180106, 17.130338323899856, 17.174094614275777, 17.34457449807479, 19.95738546786195, 18.12444927098316, 19.226083026851036, 18.289968538008452, 19.546801945276048, 17.016484750703334, 16.86566523587189], [4.608062460315038, 0.0, 9.547732661754768, 13.3840258477766, 8.128793737126651, 28.946654095710702, 27.38618569986532, 26.51905394515025, 25.044789035510014, 24.93641118320859, 23.87367898144668, 26.756570295042582, 29.558127913093898, 25.232515341664516, 25.10557779124674, 22.794480153091556, 25.933561161003766, 27.49113220806364, 27.209198803082668, 22.953383326919788, 21.418511235763493, 20.96106461063983, 20.936950532455153, 21.89059106477743, 19.532296490421356, 21.26480788797511, 20.839323742434676, 19.990375859173312, 19.31526579296372, 21.045262860419925, 21.365772930416046, 15.302693034523982, 16.34295930816104, 15.134177977657881, 14.579066085419974, 19.94939093927889, 19.442454300780643, 19.846955826119736, 19.158681706645787, 21.90494817881208, 21.404164153826382, 18.872340975310326, 18.54943626739238, 18.9282027957138, 19.18396807122023, 22.27919952090175, 22.524245369714013, 22.77186113050269, 20.236352498379993, 19.547638695939906, 20.241915692685517, 12.484123768851829, 19.60609521006782, 20.449976037316215, 19.288366490232978, 24.958458527208528, 21.9843320743534, 21.60407098421989, 20.477496661301714, 20.604698724618984, 29.067791173869264, 22.41425264514059, 22.728368176899558, 25.365062375141463, 25.03032392219756, 21.928312812029972, 22.42563161884413, 24.08887319268939, 27.45363883234351, 24.689148911236167, 23.96406297602348, 23.801364993609717, 26.29007203739247, 21.23779527229984, 20.71886684621371], [7.886572341371287, 9.547732661754768, 0.0, 19.168487515786946, 12.565989821792979, 26.335240191742884, 27.30000315583149, 25.337137417381605, 24.916329347281533, 24.239643180136916, 25.196238626779593, 28.305508632235135, 28.05851188055674, 25.940925941612562, 25.884659451459967, 19.44360858470127, 21.76944200564169, 23.25180335394253, 23.270621719001625, 18.792297490897056, 13.747651223808596, 14.23257126916257, 15.505403358872814, 15.606969335336771, 14.163744739268006, 13.822299355019615, 12.457553383435027, 11.198247891149064, 10.794881247010013, 13.252451735958672, 20.268105918649212, 14.684794599265317, 16.042825031697078, 14.885325790559193, 14.45202119014699, 17.901010758186136, 17.710025385250574, 16.542365402916918, 16.897295619165753, 19.006790562669142, 17.87103193226884, 14.214405385653265, 14.867656020463254, 15.109109981383508, 15.177316774063973, 17.980905158991604, 16.95985015917605, 16.314171031193723, 15.164170038968644, 14.693050362019672, 17.201674653501716, 11.415068140526861, 17.03685238799082, 17.381785929136885, 16.455476406181365, 19.59739438724397, 16.393689326354707, 16.238221986695184, 15.15398784883227, 15.905312666870927, 25.372547410798237, 21.414139170899645, 20.68669638207669, 20.722391081256777, 22.958742494568828, 18.008047292984255, 17.037484859369318, 18.185595611478103, 21.458903972655268, 19.58815032580184, 23.360295746669042, 23.06270488767622, 23.769370543211142, 19.592500499509818, 19.47796820064557], [9.635094141995014, 13.3840258477766, 19.168487515786946, 0.0, 5.811627898251518, 20.359595869964412, 18.65278678478641, 18.49051669644465, 18.055870257250493, 17.559954714955026, 17.701257388849164, 18.62878536683969, 18.971701668366737, 17.140433868839363, 16.516392738771746, 19.00759024202795, 19.938828932773223, 19.49627391056253, 19.572654800114126, 18.45312714292071, 20.14005117125741, 17.70105201747253, 17.140816251901487, 17.31619263609612, 15.480349026524397, 19.439388354211818, 19.40882714205973, 18.635357761242823, 19.386793307523476, 20.16452526063503, 13.54434883937151, 11.98489630263634, 11.350387211585868, 10.433083351912428, 9.476172356717838, 14.942138808396713, 14.531783068336953, 13.701866068021271, 13.628924585303595, 15.004355035180316, 13.546055744619542, 13.529209146365044, 13.48512960184821, 13.926844424406053, 13.794147705853707, 16.750173142361174, 17.624564044132338, 17.069348109868884, 15.245124877715934, 15.620956576052663, 10.93207507992478, 9.932571153395408, 10.175006050468054, 11.313009990813484, 10.155991712491629, 18.91639466451723, 17.61904786415788, 17.121768773414065, 16.476216556933302, 16.590069065790786, 16.636534367584968, 12.70083222591355, 13.111487332568812, 13.937410412902906, 13.774332486807333, 13.934689885758718, 15.199679899658296, 15.713010177202644, 18.073150217644606, 16.07370067734378, 14.229506498311473, 13.589325529263293, 15.031643398028564, 11.609751232805694, 10.817119349977647], [5.1417965715426766, 8.128793737126651, 12.565989821792979, 5.811627898251518, 0.0, 20.844756998592196, 19.60711904473943, 18.74079784373204, 17.883688183269676, 17.834124563622265, 17.142127033697392, 19.89813405971545, 22.294699773135104, 18.76509120013078, 18.588680468690605, 17.70525038118194, 19.828280516540683, 20.524691914390004, 20.316747666525966, 17.608891337105174, 18.34181845539984, 16.604794146518156, 15.65065214438241, 16.572749520316286, 14.860164923420413, 18.83238262661558, 17.865461902721837, 17.288162840307727, 16.916403750569273, 18.845274573123074, 13.775825637438246, 10.785922427479877, 10.916977432021536, 10.40104377047124, 9.197223585502291, 15.726749656759374, 15.618989143479194, 15.312456464823955, 14.81844661117125, 17.15700039913585, 15.616998989737082, 14.19295032260865, 14.081001460195594, 14.476820659459337, 14.025851067284668, 16.875690425990403, 16.700161293142855, 16.906064959144036, 14.659830973641027, 14.187136416476458, 14.770286643501255, 8.764603581730702, 11.67693962920815, 13.745747846790767, 12.466527781110274, 18.701437020840572, 16.585303551483292, 16.394199442343577, 15.747843347751836, 15.69307419911384, 21.41897592943, 14.678131530972081, 15.346406983066887, 16.038942095444124, 17.02793663107708, 18.58570451209811, 18.509039138935183, 20.715620913050596, 20.66400482684843, 21.079800191498688, 16.889071856556253, 15.8173666379268, 17.27847161333291, 13.100477466747378, 13.161291408499512], [24.149051263123294, 28.946654095710702, 26.335240191742884, 20.359595869964412, 20.844756998592196, 0.0, 4.621297180899966, 3.341612656924304, 5.389808534013223, 5.140168356532651, 6.900355028685035, 5.992274545566878, 6.0336448771670845, 6.483917933408505, 5.6564258924744015, 7.135845875108277, 5.548620538899258, 4.982819355380612, 5.132266735884054, 6.648642353173792, 11.124706722964522, 9.592354908772267, 8.868805044018663, 7.55782278292414, 8.412926288351056, 16.342391963440583, 13.922906102965232, 11.639377557056267, 13.036018162834683, 14.807727248384676, 7.939183465730985, 9.350020277788014, 9.281439091233246, 9.622344967300506, 9.508007479806635, 8.832866512269979, 10.25264632506685, 7.691649266992386, 7.033289622647905, 8.584905853660096, 10.78556201552565, 10.53504840813004, 11.31642677566778, 10.463644703625285, 12.511409725986523, 9.514825058694827, 7.91925933896254, 7.486403681842392, 7.964113100020164, 8.67364180366027, 11.584303677858436, 15.764444482366521, 10.062040434109816, 10.212240027826462, 9.944232700111465, 9.331638964321275, 8.093509849215915, 8.420308046063642, 8.775182116226267, 8.347092223822603, 9.501907314974712, 7.599801341042782, 8.361593940800192, 7.665996288370525, 8.263247826813718, 15.825118789359491, 12.56664949709781, 13.729751561774481, 8.528827879045844, 10.6712705765216, 6.138235265566927, 6.51115384057031, 6.942336901502165, 6.5273003619408385, 7.497687157075462], [23.638653336470874, 27.38618569986532, 27.30000315583149, 18.65278678478641, 19.60711904473943, 4.621297180899966, 0.0, 1.6206515059330238, 1.6602931454147045, 1.3183908520138339, 7.663619644267698, 6.2740274195943435, 7.213933523221024, 7.918246171138697, 6.844248322039087, 7.838910574677671, 6.702790100034496, 6.499132867578982, 6.479152825310331, 7.631136403007786, 10.274845752664753, 8.44701301336524, 9.257690560053017, 7.3456755954603645, 8.255767452161047, 18.187074552077274, 14.39396601699952, 12.324037906297043, 14.016579319260257, 16.070961945925564, 9.706067889128162, 10.24024959130229, 10.25899009456627, 10.159853352324934, 10.04484889148549, 9.785331537409219, 10.387323346500521, 9.567999682277232, 8.322458023590643, 9.281171882965891, 11.055972822470208, 11.036283146205045, 11.075540078570661, 10.071925249271045, 12.782428603653404, 9.248855891531894, 7.344296868464212, 6.7568484604040915, 7.671703845461877, 7.758208690971939, 10.661161943779446, 15.914664176370406, 9.960866880001047, 9.857792213657655, 9.894949565736303, 9.808544159173067, 8.690254658135709, 7.803338744841906, 8.292202018278596, 8.455511108534271, 9.594854248761065, 8.071665235307941, 8.64603806125317, 9.30585206520622, 8.387227959243639, 12.588786855331097, 9.481035211976977, 10.024683688757275, 4.904469307649945, 6.79639967517254, 5.523191600277598, 6.192219197917887, 7.000852599279314, 6.021906912980891, 6.555384740400004], [22.567518172484263, 26.51905394515025, 25.337137417381605, 18.49051669644465, 18.74079784373204, 3.341612656924304, 1.6206515059330238, 0.0, 2.1912026388505357, 2.0828468834384584, 6.566181145368954, 5.722424008584935, 6.639024474598134, 6.934002837858662, 6.038871446419621, 6.858458591665933, 6.07379728136665, 5.598309832715875, 5.6479763418048, 6.39640132140386, 9.47544115411867, 7.621059168872559, 8.060498420783873, 6.298170041328726, 7.680123874692245, 16.27266069738625, 13.043733802117238, 10.885616649459944, 12.48443879942264, 14.399366333646809, 8.227600130032236, 8.998050893641487, 9.026459973048983, 9.071392020248302, 8.911611302191542, 8.4728192202926, 9.178536875464713, 7.593177281038107, 6.911500271937423, 7.946623142788297, 9.90802183233249, 9.9774061843887, 10.08431377870755, 9.145882301018618, 11.68063200292151, 8.718672378092874, 6.952938630631545, 6.111963554676334, 6.887929094605206, 6.963976519000543, 9.581348303102581, 14.602070943096145, 9.054976293225591, 8.949435752995889, 8.924270555018243, 8.715474842976773, 7.496931065001265, 6.551322299683494, 7.185001839546973, 7.452053163437424, 8.144365126753549, 6.767893267165015, 7.328191602969232, 7.586199451927977, 7.333896149912552, 12.211283260972237, 9.163387164196184, 9.769375307383887, 5.123048334150531, 7.257140784638541, 4.818414913623444, 5.476292497570613, 5.999793052800172, 5.219038501611108, 5.894675410193141], [21.532838678372592, 25.044789035510014, 24.916329347281533, 18.055870257250493, 17.883688183269676, 5.389808534013223, 1.6602931454147045, 2.1912026388505357, 0.0, 1.459278773170971, 6.769933616953739, 6.223911160678607, 7.162054451524938, 7.731955608366084, 6.559895929020997, 6.308671816447747, 6.291614195351988, 6.365631205503204, 6.312378541376616, 6.5292456514121655, 9.664236485516007, 7.595387481035998, 8.715667182345241, 7.029131222104368, 7.218175677196269, 16.63202605132244, 13.376668820420122, 11.198496271301854, 12.956720181201034, 14.967290544535008, 8.6310324082299, 8.868332403887566, 8.86346217137074, 8.806133819568581, 8.561658464413242, 8.690600229263286, 9.106441692218933, 8.787490263565134, 7.5985210971429185, 8.274974843847337, 9.805234335999712, 9.74631865533839, 9.662833073465059, 8.754180611233046, 11.370694289636308, 8.006373200468197, 6.869777222358463, 5.9275486855554265, 6.847303002329397, 6.641581672922983, 9.2767675428386, 14.256476096514195, 8.628605581103185, 8.517720876432948, 8.391053863927501, 9.154004581629826, 7.583176780853783, 7.061073404561278, 7.375496450950598, 7.287359584817635, 8.522741220748678, 6.797552184859557, 7.217374900226094, 8.356357987956445, 7.329867054016896, 11.08765793735103, 7.906801239344867, 8.49067436817008, 4.126574352033831, 5.796917064612276, 5.187037422560522, 5.638969029966977, 6.558830290454986, 5.608880846511967, 5.817850698772041], [21.236294260236782, 24.93641118320859, 24.239643180136916, 17.559954714955026, 17.834124563622265, 5.140168356532651, 1.3183908520138339, 2.0828468834384584, 1.459278773170971, 0.0, 7.155409912149941, 6.420004901559732, 6.994450028185023, 7.6203948040063505, 6.276184044409251, 6.01756269950086, 6.209071140905341, 6.117401222702562, 6.124343361973869, 5.934011777947556, 9.203438028488081, 7.273554949169693, 8.271837811195118, 6.490787908516047, 6.665045735252833, 16.187619666612473, 13.016695077214894, 10.338296268860569, 12.368923810896632, 14.45815523483943, 7.40024235448346, 8.030939914032182, 8.048143091274678, 7.9378665045975785, 7.699735092907721, 8.085376035090322, 8.490058692927503, 7.579013915085022, 6.640218851425933, 7.583303166348881, 8.864144369697494, 8.7424902078547, 8.735192240247411, 7.755214189833174, 10.46180510360121, 7.258337994277322, 6.106905815745191, 5.551164652178016, 5.960170730404078, 5.9750288592011005, 8.623695487881273, 13.614196511205357, 8.205139480804563, 8.053642784224717, 7.821892183715447, 8.473780355999143, 7.291562773932307, 6.53716290966193, 6.911760692461845, 7.005481303264621, 7.772434725322325, 6.106124532396648, 6.609384736151386, 6.983676193241904, 6.3647949005604465, 10.307269505774045, 7.653788702816449, 8.43584179825853, 4.213849215203789, 5.447300313256536, 4.468060940964855, 5.2561606630038495, 6.164250945309091, 5.157708652316615, 5.3303127654219775], [19.54849541230604, 23.87367898144668, 25.196238626779593, 17.701257388849164, 17.142127033697392, 6.900355028685035, 7.663619644267698, 6.566181145368954, 6.769933616953739, 7.155409912149941, 0.0, 4.233283310111714, 5.009123308889266, 3.256264513785558, 3.1421681835448223, 7.852230731146854, 7.640740014402403, 7.360324422147878, 7.3734265726800885, 7.150162401921561, 11.63282656631538, 9.291620535693434, 9.093347881174394, 8.3907493188665, 8.890629599745555, 13.89606764490505, 12.03985092781766, 10.724471745092043, 12.067544691069546, 13.13770564888493, 8.028172459732524, 8.724229112834898, 8.447953744373066, 8.576605066274277, 8.65231418394088, 6.932210293471173, 7.888494266569009, 6.562405754442735, 6.198210568696258, 6.339027362412505, 10.110058949747982, 9.793560762571826, 10.571368343151168, 10.011433201242406, 11.432638116330121, 10.43772397241204, 9.062358313183024, 8.026136926335605, 8.73728295916451, 8.610335170519337, 10.371212097029723, 13.65609020325021, 9.53161353201893, 9.008431687656655, 8.756170620813467, 7.949727422829666, 8.705640428704573, 8.491288955483839, 8.336784804309046, 8.41883666267585, 9.213633589785042, 7.0829099833321365, 8.252515923654881, 8.624477601265538, 7.981052680390348, 17.041083539488977, 13.404632489160964, 14.496715032700472, 10.127345355805469, 12.145460167990478, 7.367281609591014, 7.177130273000131, 8.287917543126593, 7.805948983881454, 7.746203904174029], [23.04439120588745, 26.756570295042582, 28.305508632235135, 18.62878536683969, 19.89813405971545, 5.992274545566878, 6.2740274195943435, 5.722424008584935, 6.223911160678607, 6.420004901559732, 4.233283310111714, 0.0, 3.677445792714367, 2.5374318744392617, 2.7118842778611016, 10.16001382525018, 8.850920037706587, 8.013992995516013, 8.223017573696714, 9.238927085203166, 12.560526625657223, 10.049361863181353, 10.155043496664375, 8.801374603728178, 9.739212888587943, 15.35844966416179, 12.775860314204113, 12.414094406652184, 13.09042426333107, 14.27422555720873, 9.900851408735257, 9.961845371244236, 10.039784744124006, 9.849039011518345, 10.209493069129094, 8.224461197294724, 8.85796335245925, 8.496539441669638, 7.092986716212677, 6.9842467556130385, 10.309940790422656, 10.099901679857233, 10.34085910080656, 10.51262342046858, 11.665715651810311, 10.173578529330769, 9.597421169758057, 8.06666195663645, 9.035984583882797, 9.152887579507937, 10.559026051066644, 16.014181426311605, 10.641389152578261, 9.628311353703893, 9.620104525485704, 9.754042628529422, 9.124429257356127, 8.586379483868074, 9.702304284029454, 9.525531163974845, 8.60642056234672, 7.900964072283931, 9.03295031095054, 9.22083744180338, 8.52119989503747, 15.471139184652882, 12.465655779925159, 12.984887639041496, 8.636765029698353, 10.542233232555477, 6.03657623534404, 6.7049580198268455, 7.731640409863934, 8.117768132644589, 8.064833180560115], [23.62795513734778, 29.558127913093898, 28.05851188055674, 18.971701668366737, 22.294699773135104, 6.0336448771670845, 7.213933523221024, 6.639024474598134, 7.162054451524938, 6.994450028185023, 5.009123308889266, 3.677445792714367, 0.0, 2.8492330285846217, 2.0396639189978396, 8.182513428217709, 6.357656365298954, 5.701424940289037, 5.691267399643543, 8.14075608390212, 11.973514365780687, 9.55580884454572, 9.375205032550502, 7.502855875609786, 8.818174787653941, 14.060636338198869, 12.288987172368602, 11.380239763087708, 12.384095118672326, 13.459611986054218, 8.244464287229308, 9.495194193095402, 9.365239688081092, 9.429554613674174, 9.79062125759815, 8.178807111837175, 9.08735714886518, 6.985502901239618, 6.32203402919367, 6.635156781900914, 8.592448918335382, 8.992870724551933, 9.885071702697267, 9.680308661471422, 11.252523108718021, 9.236369784489034, 7.597284233291344, 7.271208753843332, 7.832139480262113, 8.53772790782462, 10.55964618199282, 16.193768922960583, 10.495344825238742, 9.339239601896113, 9.19640553132324, 8.946458460011925, 8.598831872076678, 8.633269716544584, 9.402417734004908, 9.145050460168045, 7.946390687941146, 7.171840251434443, 8.475050901536264, 8.045285793749816, 6.928042785008722, 17.259541432253418, 15.241885982924348, 16.072755097314065, 10.070390081246002, 12.041160548822464, 6.702483527367139, 7.136977657426522, 8.17104444308467, 8.748178561603213, 8.509817288209641], [20.565850460970786, 25.232515341664516, 25.940925941612562, 17.140433868839363, 18.76509120013078, 6.483917933408505, 7.918246171138697, 6.934002837858662, 7.731955608366084, 7.6203948040063505, 3.256264513785558, 2.5374318744392617, 2.8492330285846217, 0.0, 1.862531592365279, 8.415399032704826, 7.418032053923364, 6.592758931602389, 6.582904723776485, 7.5644676380202265, 11.28343994996583, 8.940145691115879, 9.032242584138395, 8.004296917881804, 9.180999186533898, 12.617665795495498, 10.682152003699896, 9.856124388939916, 10.870273295783017, 11.890975097137487, 7.520492467571078, 8.23588554256558, 8.092819511908434, 8.227550549836556, 8.420286132673601, 6.613440589463819, 7.279474716522159, 5.447588246925917, 5.108192877080542, 5.142051372660828, 7.634873010122374, 7.795451658934658, 8.47078891254414, 8.319289047275623, 9.617128904079589, 8.900746441264735, 7.693977549121977, 6.809894300539015, 7.9514263029307095, 7.899787339929137, 8.928824479557248, 13.470588405956265, 9.006779658019386, 7.915270682549201, 7.8026096985378635, 8.328081421993566, 7.910034528635338, 7.982660597806194, 8.161555413194437, 8.38431721647744, 7.803711832190627, 6.178195968284829, 7.421632418512742, 7.881033201038844, 7.048804733500754, 15.364904544101464, 14.234524939053681, 15.187509403340597, 10.188883952291603, 12.31383956934781, 5.566264541188449, 6.134151182261471, 7.1503145101079815, 7.533892601338943, 7.094222904712219], [20.113633254773028, 25.10557779124674, 25.884659451459967, 16.516392738771746, 18.588680468690605, 5.6564258924744015, 6.844248322039087, 6.038871446419621, 6.559895929020997, 6.276184044409251, 3.1421681835448223, 2.7118842778611016, 2.0396639189978396, 1.862531592365279, 0.0, 7.136978794165123, 6.022714554099437, 6.004372006306859, 5.912852037891828, 6.82757329995965, 11.003308742003629, 8.702213205285911, 8.614173704307811, 7.334307954737731, 8.168004825034743, 12.94618422797078, 10.979461549421869, 9.779304992791843, 11.034575886062838, 12.09577865469677, 6.948987419036189, 8.259489048196684, 7.894865530835799, 8.012750108393423, 8.312050592596194, 6.417369546945446, 7.188211294484379, 5.7614083998416055, 4.996601460077582, 5.4992753556803615, 7.517214784429403, 7.745122106894377, 8.445504662743412, 8.042998080317574, 9.760709874038378, 8.564571004079395, 7.268430206302674, 6.602914841610809, 7.152522981355309, 7.425087299096013, 9.36396297817321, 13.904705655688739, 9.14749653517233, 8.217059436647435, 8.03067774660021, 8.381735691658529, 7.811500631738861, 7.883088098025106, 8.073986897656091, 8.172570947469938, 7.288824834371714, 6.187527096593846, 7.338285779067847, 7.28970649019042, 6.411432588836636, 15.701516411058142, 13.451210157880471, 14.460126718942693, 9.577980883507994, 11.59249134453919, 6.076083898323081, 6.4189884409879125, 7.615654980604136, 7.4712021067284695, 7.117526267972576], [19.429861705913737, 22.794480153091556, 19.44360858470127, 19.00759024202795, 17.70525038118194, 7.135845875108277, 7.838910574677671, 6.858458591665933, 6.308671816447747, 6.01756269950086, 7.852230731146854, 10.16001382525018, 8.182513428217709, 8.415399032704826, 7.136978794165123, 0.0, 3.096120989702359, 4.294037540889891, 4.492406099055448, 1.538224306731233, 7.9195495250835695, 5.500288766417345, 5.804662882872461, 4.6766279272840725, 5.0662903200421425, 11.793674489308714, 10.157553660051661, 8.547329493863025, 9.623727598120452, 11.75142116366068, 6.252951686357045, 6.704967635909743, 6.690004663107096, 6.824402555804454, 6.861757225400668, 6.74665593085186, 6.999989990399607, 7.121725239604475, 5.718288886549272, 7.548206164246709, 6.49191480872071, 6.252876943551364, 7.011968978487695, 6.2764025865114315, 8.30485594243139, 5.139457350070322, 4.179922629118993, 4.134337926834702, 4.613703081272746, 4.535589307151448, 9.400490010712609, 11.481872040673958, 8.660327066695913, 8.28650555682987, 7.544211307456791, 5.354318549071342, 3.727166171663294, 4.174157170815985, 4.473846646096719, 3.9776098450521262, 8.596818937822196, 6.557702446344738, 6.8642250014189825, 6.48017142267171, 6.758585918302749, 13.563412889764939, 12.366939992223749, 14.72978876581435, 10.614821829104098, 11.604421855859172, 7.814696680212048, 7.877538865581352, 8.975575139635998, 7.254354366320525, 7.422420257653176], [21.591266885151015, 25.933561161003766, 21.76944200564169, 19.938828932773223, 19.828280516540683, 5.548620538899258, 6.702790100034496, 6.07379728136665, 6.291614195351988, 6.209071140905341, 7.640740014402403, 8.850920037706587, 6.357656365298954, 7.418032053923364, 6.022714554099437, 3.096120989702359, 0.0, 2.4625104664763735, 2.373634817127218, 3.8168320749504323, 8.551480960065152, 6.092927818852007, 6.120385947555513, 4.904909198702585, 5.680239544682356, 13.062728216887953, 11.311266518276232, 9.393518682712026, 10.688265447575505, 11.89439058560339, 7.390697544535228, 7.668112191107063, 7.706323421193457, 7.792187069467871, 7.944848906791256, 7.496882559399645, 7.747972198180782, 6.493823598075687, 5.640454125021965, 6.8069275869389285, 7.558172962923645, 7.642785670303647, 8.7025317519214, 7.878410353021151, 10.32724328184018, 6.22572517312881, 4.474518809140151, 4.170123811009348, 5.16524065995439, 5.311431058367106, 9.53851980823965, 12.924923229182953, 8.257175046071204, 7.882726993208033, 7.480426854294701, 5.24589739506909, 4.742027444639282, 5.081260334869643, 5.364660344711674, 4.9036977776728925, 8.624675024225574, 7.063040329478253, 7.210675601270864, 7.239810015320641, 7.50820855221936, 14.353619990156995, 12.07460994131174, 13.972062983836922, 9.275838242461546, 10.68658038457901, 7.688727016398471, 7.882926157707407, 8.69889357138458, 7.698889197060634, 8.10974114481429], [22.111497094763475, 27.49113220806364, 23.25180335394253, 19.49627391056253, 20.524691914390004, 4.982819355380612, 6.499132867578982, 5.598309832715875, 6.365631205503204, 6.117401222702562, 7.360324422147878, 8.013992995516013, 5.701424940289037, 6.592758931602389, 6.004372006306859, 4.294037540889891, 2.4625104664763735, 0.0, 1.0743327724487428, 4.448913314850578, 8.89649627476719, 6.221486365974061, 5.638243230855901, 4.749692257032814, 5.388510309179169, 12.464444864069588, 10.339881035665048, 8.445438793392313, 9.703913643136017, 10.657120861726554, 6.345705371639114, 6.741320966522006, 6.9979694423614855, 6.951803572093354, 7.421723433807966, 7.272669641169005, 7.239852534940694, 5.356572357907864, 5.5374168729419235, 6.083736891398585, 6.7543294352688035, 7.799329731676631, 8.464331274223625, 7.724136043406006, 10.312414338990141, 6.452731300552979, 4.7550589956949825, 4.361961994465857, 5.253184941301883, 5.61166761823445, 8.198850640319709, 13.14063690246626, 7.917714167639457, 7.347971860269311, 7.075354822227743, 5.044801723229705, 4.486420512600033, 4.914450629596259, 5.095497670953326, 4.608793973001603, 6.083195851847366, 5.547732521955778, 5.510220842339921, 5.646329675045935, 5.518305303479953, 13.76464380022325, 13.082883287755445, 14.467275217685192, 9.049098347701387, 11.128941681392064, 5.606721476194612, 5.93635628772103, 6.823824490055006, 6.033980769719765, 6.340050537450878], [21.99082113071988, 27.209198803082668, 23.270621719001625, 19.572654800114126, 20.316747666525966, 5.132266735884054, 6.479152825310331, 5.6479763418048, 6.312378541376616, 6.124343361973869, 7.3734265726800885, 8.223017573696714, 5.691267399643543, 6.582904723776485, 5.912852037891828, 4.492406099055448, 2.373634817127218, 1.0743327724487428, 0.0, 4.603813298056797, 9.059134268163382, 6.468890253840445, 5.786277064292649, 4.957890471140692, 5.488110755455169, 11.720069146061121, 10.590203584762067, 8.60500698012903, 9.879797812243236, 11.251228316806067, 6.072282993846827, 6.564866276990912, 6.7046042948911, 7.0414004364852945, 7.3240522971458475, 7.18741956394028, 7.810224617088392, 5.766784060473409, 5.461019009695639, 6.501335900046785, 6.729840582518891, 7.306790628973144, 8.286631636739855, 7.679559774965665, 9.624153711439842, 6.253172578470275, 4.4968974460318885, 4.2030553560380595, 5.212963658634137, 5.412614855036063, 8.633179387435563, 13.399096680466544, 8.065673803217901, 7.636696626533911, 7.385632536591118, 4.916748572895028, 4.564049908121401, 4.991957618640075, 5.276470975750547, 4.715969219961768, 6.731782290934317, 5.643590777793404, 5.860093072553099, 5.724872403241012, 6.041979250535375, 14.700712246372866, 12.714205844745575, 14.014230701927493, 8.870405673484894, 10.686744827196074, 5.924408604650727, 6.185619378535989, 6.9762712538717375, 6.355099119731123, 6.846903641250629], [18.930405782133224, 22.953383326919788, 18.792297490897056, 18.45312714292071, 17.608891337105174, 6.648642353173792, 7.631136403007786, 6.39640132140386, 6.5292456514121655, 5.934011777947556, 7.150162401921561, 9.238927085203166, 8.14075608390212, 7.5644676380202265, 6.82757329995965, 1.538224306731233, 3.8168320749504323, 4.448913314850578, 4.603813298056797, 0.0, 7.262112608721791, 4.9870110818928515, 5.18219886418517, 4.3514303935137955, 4.882364869343051, 11.237613518449507, 8.834066097364419, 7.243244346055672, 8.167867544778517, 10.394825599306367, 5.040935895529772, 5.670127498946109, 5.640830741227385, 5.9317763340661935, 5.94760760635781, 5.784625926552814, 6.502221611315473, 5.720408866572642, 4.797975881084464, 6.691743601069089, 6.082308786789037, 5.827479374806698, 6.268762920100476, 5.518061779313762, 7.372849670399965, 5.140773366463904, 3.9026704565358843, 3.644734451573724, 3.7482833407396763, 3.642055780565444, 8.677573262327156, 10.954960093208205, 8.136174701740213, 7.632512277032037, 7.1916352852136045, 5.226402327097297, 3.1906396311976395, 3.612230628187623, 3.967740165254099, 3.5917189018179156, 7.7341709938051295, 5.508955082862107, 5.6083877540861975, 5.35877084680935, 5.861927130420933, 13.37174370058883, 12.388667668974175, 14.545841875526497, 10.510597652462298, 11.861202845828197, 6.856711769047365, 6.8034462891165735, 7.8431278557023125, 6.367821380431166, 6.585570095095026], [16.920940269136185, 21.418511235763493, 13.747651223808596, 20.14005117125741, 18.34181845539984, 11.124706722964522, 10.274845752664753, 9.47544115411867, 9.664236485516007, 9.203438028488081, 11.63282656631538, 12.560526625657223, 11.973514365780687, 11.28343994996583, 11.003308742003629, 7.9195495250835695, 8.551480960065152, 8.89649627476719, 9.059134268163382, 7.262112608721791, 0.0, 2.347813217219735, 4.133786123936962, 3.471893695523241, 4.088687406787357, 10.336145802467145, 9.579617484313903, 9.078901252488134, 9.585544098084839, 9.616759596425412, 10.19058911954033, 7.245203630578173, 7.7708482692592025, 7.441726108124762, 6.957074358950893, 8.024095375518085, 8.355866488886884, 8.064646564733373, 7.77434852147841, 8.377728463566356, 10.27242414964386, 9.177741802667114, 9.673973516001015, 9.026600694251838, 11.585717940629024, 6.299522326086691, 5.062110529393447, 4.181329649200548, 4.878052319028804, 4.580188418105536, 8.687013838494794, 7.510188173200802, 7.528685820550232, 6.307534714538323, 6.083394636906821, 6.5330453015080865, 4.587562644400256, 4.545418493986548, 4.5231957431459335, 4.93060656168471, 10.853904809183444, 8.59739328863149, 8.411555406053274, 9.180341634860405, 9.238396521840258, 9.896456570055204, 8.348794664774168, 10.167255125990616, 8.442735024405758, 8.688832218596612, 8.987411431261103, 8.734425912972732, 9.406158213432729, 6.680117959620924, 6.325714457176236], [15.839801814373663, 20.96106461063983, 14.23257126916257, 17.70105201747253, 16.604794146518156, 9.592354908772267, 8.44701301336524, 7.621059168872559, 7.595387481035998, 7.273554949169693, 9.291620535693434, 10.049361863181353, 9.55580884454572, 8.940145691115879, 8.702213205285911, 5.500288766417345, 6.092927818852007, 6.221486365974061, 6.468890253840445, 4.9870110818928515, 2.347813217219735, 0.0, 2.0568909718869386, 1.3684460054703997, 1.6841119665236204, 8.335817024905774, 7.056636467707915, 6.943535893369284, 6.792998629235068, 7.33729167534447, 6.066612953607763, 4.507816064167422, 4.916824139126527, 4.856499254676798, 4.707609917643076, 5.7542872394493, 5.79335322469139, 5.526343146911944, 5.226670426511536, 5.699564530549707, 6.71446647252437, 6.531329595981225, 7.110112735609418, 6.45054848690798, 9.08433025746376, 4.745933391641381, 4.072876014370127, 2.779263866464788, 3.824392712530918, 3.397841553149786, 5.571190454579684, 6.487760090513161, 5.192978457961087, 4.020420204519148, 3.8302975133489507, 4.152111489390795, 2.392720468016233, 2.3722054804289217, 2.515548611534264, 2.811484103944893, 6.372445973200469, 5.398024801475832, 4.969052359486605, 6.292007534441245, 5.941275075949987, 8.701209044822791, 7.275944635781704, 8.984529225353821, 6.806640791772758, 7.175824525995026, 5.673367284198626, 5.958955950355827, 6.920464681808799, 5.1542874327362, 4.640537107709658], [15.567974672487395, 20.936950532455153, 15.505403358872814, 17.140816251901487, 15.65065214438241, 8.868805044018663, 9.257690560053017, 8.060498420783873, 8.715667182345241, 8.271837811195118, 9.093347881174394, 10.155043496664375, 9.375205032550502, 9.032242584138395, 8.614173704307811, 5.804662882872461, 6.120385947555513, 5.638243230855901, 5.786277064292649, 5.18219886418517, 4.133786123936962, 2.0568909718869386, 0.0, 1.4607391011489812, 1.7958231851864292, 8.513864445457195, 7.56096101403299, 6.72675373016114, 6.8719385658013366, 8.04554065744253, 4.261119671495363, 3.2810132122920543, 3.556857388061667, 3.999827740417108, 3.8544811658484464, 5.817551168848486, 5.890468260464515, 5.557268354308325, 4.930154358488334, 5.460217645407987, 6.680015513329343, 6.628086907350147, 7.321183115106174, 6.72587854396337, 9.041443070587981, 6.516778938283473, 5.250772438580199, 3.973614421763471, 5.200615683956408, 4.7223231672121075, 5.733646815124248, 6.8683327882180185, 4.304713707992657, 3.5544513098886035, 3.2267168649924143, 3.061363334665796, 2.3285620156732607, 2.3298993660770844, 2.5997649733323596, 2.7293843302843244, 5.013329300575368, 4.00344075865937, 4.182080515728129, 5.092077668057165, 5.2248293089480295, 10.285007022228159, 8.55876536590083, 9.574414080801303, 6.214493232644589, 7.000056976626389, 4.846832203336433, 5.573220828866826, 6.303796401555401, 6.126073716831559, 5.710269241462524], [16.435040360848642, 21.89059106477743, 15.606969335336771, 17.31619263609612, 16.572749520316286, 7.55782278292414, 7.3456755954603645, 6.298170041328726, 7.029131222104368, 6.490787908516047, 8.3907493188665, 8.801374603728178, 7.502855875609786, 8.004296917881804, 7.334307954737731, 4.6766279272840725, 4.904909198702585, 4.749692257032814, 4.957890471140692, 4.3514303935137955, 3.471893695523241, 1.3684460054703997, 1.4607391011489812, 0.0, 1.435838954658323, 8.458368110767339, 7.170939877858976, 6.603975199492587, 6.724103455678874, 7.471867591745881, 4.287557223265079, 3.8199131019595027, 4.0900325372354205, 4.2566498249456535, 4.11056725899385, 5.554444434461689, 5.738149392388934, 5.1473667701716534, 4.929075997071863, 5.3866986150590925, 6.307695782341757, 6.4860032214661425, 7.123907028310202, 6.407760873630456, 8.954776836676803, 4.9390947424079386, 3.7963246195719966, 2.697962039642798, 3.768879735302922, 3.618243532751296, 5.477113551018821, 7.180225242056242, 4.580913682701349, 3.7242171302756204, 3.385879793394048, 3.038914972057726, 1.8875463983062304, 1.9930169046257211, 2.355175053760159, 2.5265051671823042, 4.61262864783683, 3.7473714607893323, 3.902304848782668, 4.381247561264285, 4.034582953836828, 9.801945842310564, 8.194009459752584, 9.548703117182203, 6.136264536835226, 6.870257651324983, 4.4161116614110725, 4.853316880760619, 5.6933621138698705, 5.058474393776176, 4.719995609830205], [14.754094847839854, 19.532296490421356, 14.163744739268006, 15.480349026524397, 14.860164923420413, 8.412926288351056, 8.255767452161047, 7.680123874692245, 7.218175677196269, 6.665045735252833, 8.890629599745555, 9.739212888587943, 8.818174787653941, 9.180999186533898, 8.168004825034743, 5.0662903200421425, 5.680239544682356, 5.388510309179169, 5.488110755455169, 4.882364869343051, 4.088687406787357, 1.6841119665236204, 1.7958231851864292, 1.435838954658323, 0.0, 8.790691423216595, 7.340428359296412, 6.511030693757708, 6.804821751769576, 7.762154982049163, 4.314475792977786, 3.4269293218612336, 3.6677109301774586, 3.6508088197586166, 3.6415338595264637, 5.621835930011084, 5.565868616274833, 5.048564988087993, 4.736710495362251, 5.461739289034264, 6.37231740861945, 6.242685840134448, 6.797132328820997, 6.203119949238105, 8.294179196324874, 4.3495533115495295, 4.427024574966315, 3.1456960871306148, 3.98021836902034, 3.779020366136624, 4.387711642280973, 5.73484933386281, 4.437855632833551, 3.265182908755933, 2.901151029188405, 3.537334306761679, 2.2885254578414855, 2.4239417099048772, 2.5091369121996663, 2.509961914122932, 4.924165829032027, 3.2692415374928743, 3.1498314124184414, 4.831072453653369, 4.481470488986198, 8.138483613466837, 6.589769634877064, 8.081572477657838, 5.853101964234617, 5.9978906335201145, 5.346566321410344, 5.35047161458325, 6.407592979486352, 5.507340576040141, 5.153963632001279], [15.635238652131914, 21.26480788797511, 13.822299355019615, 19.439388354211818, 18.83238262661558, 16.342391963440583, 18.187074552077274, 16.27266069738625, 16.63202605132244, 16.187619666612473, 13.89606764490505, 15.35844966416179, 14.060636338198869, 12.617665795495498, 12.94618422797078, 11.793674489308714, 13.062728216887953, 12.464444864069588, 11.720069146061121, 11.237613518449507, 10.336145802467145, 8.335817024905774, 8.513864445457195, 8.458368110767339, 8.790691423216595, 0.0, 2.6846968892798215, 4.116817487424432, 3.909270628998231, 3.1673624150239674, 10.363310048934062, 8.708777493675779, 9.50108326077615, 9.203843801088613, 9.404002576596586, 6.89140486844789, 7.655830208819749, 6.256823134524718, 6.714146959270461, 7.6046874358239815, 6.368903866924507, 5.172091309326265, 6.632378996065209, 6.94446267882583, 7.405850560557325, 13.061512738058411, 10.440975812629093, 10.162049871715364, 11.255134405200067, 9.801349339922988, 10.436338783299291, 10.797619823695026, 9.707541829565473, 9.268417745885657, 8.88211255262582, 9.999219137338313, 8.987584255079716, 8.265553814055238, 7.7756870308550265, 8.846515305338615, 12.29107846320044, 11.122448200934985, 10.793022569918083, 11.372943240830892, 12.108932135101886, 12.594584107042259, 11.439208789266715, 12.063833972035134, 11.465469171715887, 11.140594304307246, 10.579017130806024, 10.86940381588931, 10.579321927475256, 10.222185255883442, 10.689493327377843], [15.335881232487777, 20.839323742434676, 12.457553383435027, 19.40882714205973, 17.865461902721837, 13.922906102965232, 14.39396601699952, 13.043733802117238, 13.376668820420122, 13.016695077214894, 12.03985092781766, 12.775860314204113, 12.288987172368602, 10.682152003699896, 10.979461549421869, 10.157553660051661, 11.311266518276232, 10.339881035665048, 10.590203584762067, 8.834066097364419, 9.579617484313903, 7.056636467707915, 7.56096101403299, 7.170939877858976, 7.340428359296412, 2.6846968892798215, 0.0, 1.7794360951233157, 1.5234688944052528, 1.7778302007073603, 9.047604315889782, 7.603200369129391, 8.55925676018632, 8.131485406488956, 8.450534876244134, 5.921416339187047, 6.114561113738696, 5.10309754486826, 5.61696349641836, 6.013243107195894, 5.897844773779841, 4.286113414054192, 4.6836243936115824, 4.669626655625565, 5.781636142217803, 10.146508944915826, 8.245394365689839, 7.748738594237663, 8.616706492877217, 6.849549514376118, 8.727581623531172, 10.370755524189503, 8.994270744622183, 8.290844887956501, 7.819627175663101, 9.159104894531637, 6.984046897911625, 6.977099402706909, 6.303483467959345, 6.827044469507446, 9.821517071464664, 8.714048232543577, 8.31364884362537, 8.78011880050574, 9.339762201379003, 11.6386612412648, 10.299382907472866, 11.55193004985667, 11.348238832012878, 10.535216140461273, 9.08417400034587, 9.330421944768345, 9.267907839595807, 8.381537688060371, 8.693142224352934], [14.751951901171426, 19.990375859173312, 11.198247891149064, 18.635357761242823, 17.288162840307727, 11.639377557056267, 12.324037906297043, 10.885616649459944, 11.198496271301854, 10.338296268860569, 10.724471745092043, 12.414094406652184, 11.380239763087708, 9.856124388939916, 9.779304992791843, 8.547329493863025, 9.393518682712026, 8.445438793392313, 8.60500698012903, 7.243244346055672, 9.078901252488134, 6.943535893369284, 6.72675373016114, 6.603975199492587, 6.511030693757708, 4.116817487424432, 1.7794360951233157, 0.0, 1.3317228770651681, 2.5672401738264994, 7.285601126747822, 6.369619096244536, 7.120716683436681, 6.897383050817211, 7.057507532939005, 4.599026198478274, 4.984280315433456, 3.932081755935209, 4.235412418144453, 4.921286521414539, 5.974398224550342, 4.402074551198186, 4.310690786909188, 4.003836825229609, 5.577062166225932, 8.659084410001626, 6.878374893214822, 6.417368029674127, 6.861089959758785, 5.297833724837138, 8.07438595346971, 10.101506954239255, 7.75439867301293, 7.2882197560316655, 6.702600685502054, 8.50792362721759, 6.234494831755803, 6.195729612494074, 5.605415442201017, 5.863318399128639, 8.009762177940264, 6.754693138850726, 6.367911396178478, 6.95495120396394, 7.317537713099071, 11.68343755594547, 10.260610764426424, 11.496285029251242, 11.649227336485