[[0.0, 0.8369565217391305, 0.961038961038961, 0.8539325842696629, 0.8241758241758241, 0.7142857142857143, 0.7792207792207793, 0.6493506493506493, 0.6753246753246753, 0.5974025974025974, 0.7532467532467533, 0.8571428571428571, 0.7142857142857143, 0.7792207792207793, 0.6623376623376623, 0.5844155844155844, 0.6363636363636364, 0.5844155844155844, 0.6103896103896104, 0.5454545454545454, 0.7532467532467533, 0.5064935064935064, 0.4675324675324675, 0.38961038961038963, 0.4155844155844156, 0.6493506493506493, 0.5454545454545454, 0.42857142857142855, 0.4675324675324675, 0.5844155844155844, 0.36363636363636365, 0.38961038961038963, 0.42857142857142855, 0.42857142857142855, 0.4155844155844156, 0.4675324675324675, 0.5064935064935064, 0.36363636363636365, 0.37662337662337664, 0.4675324675324675, 0.5194805194805194, 0.4935064935064935, 0.4935064935064935, 0.44155844155844154, 0.7142857142857143, 0.6753246753246753, 0.5194805194805194, 0.44155844155844154, 0.45454545454545453, 0.4155844155844156, 0.45454545454545453, 0.7142857142857143, 0.5194805194805194, 0.42857142857142855, 0.4025974025974026, 0.38961038961038963, 0.33766233766233766, 0.2987012987012987, 0.2727272727272727, 0.2857142857142857, 0.22077922077922077, 0.23376623376623376, 0.23376623376623376, 0.19480519480519481, 0.24675324675324675, 0.7272727272727273, 0.7012987012987013, 0.7272727272727273, 0.5714285714285714, 0.5844155844155844, 0.35064935064935066, 0.38961038961038963, 0.45454545454545453, 0.42857142857142855, 0.42857142857142855], [0.8369565217391305, 0.0, 0.8369565217391305, 0.967391304347826, 0.9891304347826086, 0.5978260869565217, 0.6521739130434783, 0.5434782608695652, 0.5652173913043478, 0.5, 0.6413043478260869, 0.7065217391304348, 0.5978260869565217, 0.6521739130434783, 0.5543478260869565, 0.4891304347826087, 0.532608695652174, 0.4891304347826087, 0.5108695652173914, 0.45652173913043476, 0.6304347826086957, 0.42391304347826086, 0.391304347826087, 0.32608695652173914, 0.34782608695652173, 0.5434782608695652, 0.45652173913043476, 0.358695652173913, 0.391304347826087, 0.4891304347826087, 0.30434782608695654, 0.32608695652173914, 0.358695652173913, 0.358695652173913, 0.34782608695652173, 0.391304347826087, 0.42391304347826086, 0.30434782608695654, 0.31521739130434784, 0.391304347826087, 0.43478260869565216, 0.41304347826086957, 0.41304347826086957, 0.3695652173913043, 0.5978260869565217, 0.5652173913043478, 0.43478260869565216, 0.3695652173913043, 0.3804347826086957, 0.34782608695652173, 0.3804347826086957, 0.5978260869565217, 0.43478260869565216, 0.358695652173913, 0.33695652173913043, 0.32608695652173914, 0.2826086956521739, 0.25, 0.22826086956521738, 0.2391304347826087, 0.18478260869565216, 0.1956521739130435, 0.1956521739130435, 0.16304347826086957, 0.20652173913043478, 0.6086956521739131, 0.5869565217391305, 0.6086956521739131, 0.4782608695652174, 0.4891304347826087, 0.29347826086956524, 0.32608695652173914, 0.3804347826086957, 0.358695652173913, 0.358695652173913], [0.961038961038961, 0.8369565217391305, 0.0, 0.8539325842696629, 0.8351648351648352, 0.7142857142857143, 0.7792207792207793, 0.6493506493506493, 0.6753246753246753, 0.5974025974025974, 0.7662337662337663, 0.8571428571428571, 0.7142857142857143, 0.7792207792207793, 0.6623376623376623, 0.5844155844155844, 0.6363636363636364, 0.5844155844155844, 0.6103896103896104, 0.5454545454545454, 0.7532467532467533, 0.5064935064935064, 0.4675324675324675, 0.38961038961038963, 0.4155844155844156, 0.6493506493506493, 0.5454545454545454, 0.42857142857142855, 0.4675324675324675, 0.5844155844155844, 0.36363636363636365, 0.38961038961038963, 0.42857142857142855, 0.42857142857142855, 0.4155844155844156, 0.4675324675324675, 0.5064935064935064, 0.36363636363636365, 0.37662337662337664, 0.4675324675324675, 0.5194805194805194, 0.4935064935064935, 0.4935064935064935, 0.44155844155844154, 0.7142857142857143, 0.6753246753246753, 0.5194805194805194, 0.44155844155844154, 0.45454545454545453, 0.4155844155844156, 0.45454545454545453, 0.7142857142857143, 0.5194805194805194, 0.42857142857142855, 0.4025974025974026, 0.38961038961038963, 0.33766233766233766, 0.2987012987012987, 0.2727272727272727, 0.2857142857142857, 0.22077922077922077, 0.23376623376623376, 0.23376623376623376, 0.19480519480519481, 0.24675324675324675, 0.7272727272727273, 0.7012987012987013, 0.7272727272727273, 0.5714285714285714, 0.5844155844155844, 0.35064935064935066, 0.38961038961038963, 0.45454545454545453, 0.42857142857142855, 0.42857142857142855], [0.8539325842696629, 0.967391304347826, 0.8539325842696629, 0.0, 0.967032967032967, 0.6179775280898876, 0.6741573033707865, 0.5617977528089888, 0.5842696629213483, 0.5168539325842697, 0.6629213483146067, 0.7415730337078652, 0.6067415730337079, 0.6741573033707865, 0.5617977528089888, 0.5056179775280899, 0.550561797752809, 0.5056179775280899, 0.5280898876404494, 0.47191011235955055, 0.651685393258427, 0.43820224719101125, 0.4044943820224719, 0.33707865168539325, 0.3595505617977528, 0.5617977528089888, 0.47191011235955055, 0.3707865168539326, 0.4044943820224719, 0.5056179775280899, 0.3146067415730337, 0.33707865168539325, 0.3707865168539326, 0.3707865168539326, 0.3595505617977528, 0.4044943820224719, 0.43820224719101125, 0.3146067415730337, 0.3258426966292135, 0.4044943820224719, 0.449438202247191, 0.42696629213483145, 0.42696629213483145, 0.38202247191011235, 0.6179775280898876, 0.5842696629213483, 0.449438202247191, 0.38202247191011235, 0.39325842696629215, 0.3595505617977528, 0.39325842696629215, 0.6179775280898876, 0.449438202247191, 0.3707865168539326, 0.34831460674157305, 0.33707865168539325, 0.29213483146067415, 0.25842696629213485, 0.23595505617977527, 0.24719101123595505, 0.19101123595505617, 0.20224719101123595, 0.20224719101123595, 0.16853932584269662, 0.21348314606741572, 0.6292134831460674, 0.6067415730337079, 0.6292134831460674, 0.4943820224719101, 0.5056179775280899, 0.30337078651685395, 0.33707865168539325, 0.39325842696629215, 0.3707865168539326, 0.3707865168539326], [0.8241758241758241, 0.9891304347826086, 0.8351648351648352, 0.967032967032967, 0.0, 0.6043956043956044, 0.6483516483516484, 0.5494505494505495, 0.5714285714285714, 0.5054945054945055, 0.6373626373626373, 0.7252747252747253, 0.6043956043956044, 0.6483516483516484, 0.5494505494505495, 0.4945054945054945, 0.5384615384615384, 0.4945054945054945, 0.5164835164835165, 0.46153846153846156, 0.6263736263736264, 0.42857142857142855, 0.3956043956043956, 0.32967032967032966, 0.3516483516483517, 0.5494505494505495, 0.46153846153846156, 0.3626373626373626, 0.3956043956043956, 0.4945054945054945, 0.3076923076923077, 0.32967032967032966, 0.3626373626373626, 0.3626373626373626, 0.3516483516483517, 0.3956043956043956, 0.42857142857142855, 0.3076923076923077, 0.31868131868131866, 0.3956043956043956, 0.43956043956043955, 0.4175824175824176, 0.4175824175824176, 0.3626373626373626, 0.6043956043956044, 0.5714285714285714, 0.43956043956043955, 0.37362637362637363, 0.38461538461538464, 0.3516483516483517, 0.38461538461538464, 0.5934065934065934, 0.43956043956043955, 0.3626373626373626, 0.34065934065934067, 0.32967032967032966, 0.2857142857142857, 0.25274725274725274, 0.23076923076923078, 0.24175824175824176, 0.18681318681318682, 0.1978021978021978, 0.1978021978021978, 0.16483516483516483, 0.2087912087912088, 0.6153846153846154, 0.5934065934065934, 0.6153846153846154, 0.4835164835164835, 0.4945054945054945, 0.2967032967032967, 0.32967032967032966, 0.38461538461538464, 0.3626373626373626, 0.3626373626373626], [0.7142857142857143, 0.5978260869565217, 0.7142857142857143, 0.6179775280898876, 0.6043956043956044, 0.0, 0.9166666666666666, 0.9090909090909091, 0.9454545454545454, 0.8363636363636363, 0.9322033898305084, 0.8333333333333334, 0.9818181818181818, 0.9166666666666666, 0.9272727272727272, 0.8181818181818182, 0.8909090909090909, 0.8, 0.8363636363636363, 0.7636363636363637, 0.9482758620689655, 0.7090909090909091, 0.6545454545454545, 0.5454545454545454, 0.5818181818181818, 0.8909090909090909, 0.7636363636363637, 0.6, 0.6545454545454545, 0.8, 0.509090909090909, 0.5454545454545454, 0.6, 0.6, 0.5818181818181818, 0.6545454545454545, 0.7090909090909091, 0.509090909090909, 0.509090909090909, 0.6545454545454545, 0.7272727272727273, 0.6909090909090909, 0.6909090909090909, 0.6181818181818182, 0.9818181818181818, 0.9272727272727272, 0.7272727272727273, 0.6181818181818182, 0.6363636363636364, 0.5818181818181818, 0.6363636363636364, 1.0, 0.7272727272727273, 0.6, 0.5636363636363636, 0.5454545454545454, 0.4727272727272727, 0.41818181818181815, 0.38181818181818183, 0.4, 0.3090909090909091, 0.32727272727272727, 0.32727272727272727, 0.2727272727272727, 0.34545454545454546, 0.9821428571428571, 0.9818181818181818, 0.9821428571428571, 0.8, 0.8181818181818182, 0.4909090909090909, 0.5454545454545454, 0.6363636363636364, 0.5818181818181818, 0.6], [0.7792207792207793, 0.6521739130434783, 0.7792207792207793, 0.6741573033707865, 0.6483516483516484, 0.9166666666666666, 0.0, 0.8333333333333334, 0.8666666666666667, 0.75, 0.9833333333333333, 0.9090909090909091, 0.9, 1.0, 0.85, 0.7333333333333333, 0.8166666666666667, 0.75, 0.7833333333333333, 0.7, 0.9666666666666667, 0.65, 0.6, 0.5, 0.5333333333333333, 0.8333333333333334, 0.7, 0.55, 0.6, 0.75, 0.4666666666666667, 0.5, 0.55, 0.55, 0.5333333333333333, 0.6, 0.65, 0.4666666666666667, 0.48333333333333334, 0.6, 0.6666666666666666, 0.6333333333333333, 0.6333333333333333, 0.5666666666666667, 0.9166666666666666, 0.8666666666666667, 0.65, 0.5666666666666667, 0.5833333333333334, 0.5333333333333333, 0.5833333333333334, 0.9, 0.6666666666666666, 0.55, 0.5166666666666667, 0.5, 0.43333333333333335, 0.38333333333333336, 0.35, 0.36666666666666664, 0.2833333333333333, 0.3, 0.3, 0.25, 0.31666666666666665, 0.9333333333333333, 0.8833333333333333, 0.9333333333333333, 0.7333333333333333, 0.75, 0.45, 0.5, 0.5833333333333334, 0.55, 0.55], [0.6493506493506493, 0.5434782608695652, 0.6493506493506493, 0.5617977528089888, 0.5494505494505495, 0.9090909090909091, 0.8333333333333334, 0.0, 0.9615384615384616, 0.92, 0.847457627118644, 0.7575757575757576, 0.9090909090909091, 0.8166666666666667, 0.9803921568627451, 0.88, 0.98, 0.9, 0.92, 0.84, 0.8620689655172413, 0.78, 0.7, 0.6, 0.64, 0.98, 0.84, 0.66, 0.72, 0.9, 0.56, 0.6, 0.66, 0.66, 0.62, 0.72, 0.78, 0.56, 0.58, 0.72, 0.78, 0.76, 0.76, 0.68, 0.8909090909090909, 0.9615384615384616, 0.76, 0.68, 0.7, 0.64, 0.7, 0.9090909090909091, 0.8, 0.66, 0.62, 0.6, 0.52, 0.46, 0.42, 0.44, 0.34, 0.36, 0.36, 0.3, 0.38, 0.8928571428571429, 0.9259259259259259, 0.8928571428571429, 0.88, 0.9, 0.54, 0.6, 0.7, 0.66, 0.66], [0.6753246753246753, 0.5652173913043478, 0.6753246753246753, 0.5842696629213483, 0.5714285714285714, 0.9454545454545454, 0.8666666666666667, 0.9615384615384616, 0.0, 0.8461538461538461, 0.8813559322033898, 0.7878787878787878, 0.9454545454545454, 0.8666666666666667, 0.9807692307692307, 0.8653846153846154, 0.9423076923076923, 0.8653846153846154, 0.9038461538461539, 0.8076923076923077, 0.8793103448275862, 0.75, 0.6923076923076923, 0.5769230769230769, 0.6153846153846154, 0.9615384615384616, 0.8076923076923077, 0.6346153846153846, 0.6923076923076923, 0.8653846153846154, 0.5384615384615384, 0.5769230769230769, 0.6346153846153846, 0.6346153846153846, 0.6153846153846154, 0.6923076923076923, 0.75, 0.5384615384615384, 0.5576923076923077, 0.6923076923076923, 0.7692307692307693, 0.7307692307692307, 0.7307692307692307, 0.6538461538461539, 0.9454545454545454, 1.0, 0.75, 0.6538461538461539, 0.6730769230769231, 0.6153846153846154, 0.6730769230769231, 0.9454545454545454, 0.7692307692307693, 0.6346153846153846, 0.5961538461538461, 0.5769230769230769, 0.5, 0.4423076923076923, 0.40384615384615385, 0.4230769230769231, 0.3269230769230769, 0.34615384615384615, 0.34615384615384615, 0.28846153846153844, 0.36538461538461536, 0.9285714285714286, 0.9444444444444444, 0.9285714285714286, 0.8461538461538461, 0.8653846153846154, 0.5192307692307693, 0.5769230769230769, 0.6730769230769231, 0.6346153846153846, 0.6346153846153846], [0.5974025974025974, 0.5, 0.5974025974025974, 0.5168539325842697, 0.5054945054945055, 0.8363636363636363, 0.75, 0.92, 0.8461538461538461, 0.0, 0.7796610169491526, 0.696969696969697, 0.8363636363636363, 0.7666666666666667, 0.9019607843137255, 0.9782608695652174, 0.9387755102040817, 0.9782608695652174, 0.9787234042553191, 0.9130434782608695, 0.7758620689655172, 0.8478260869565217, 0.782608695652174, 0.6521739130434783, 0.6956521739130435, 0.92, 0.9130434782608695, 0.717391304347826, 0.782608695652174, 0.9782608695652174, 0.6086956521739131, 0.6521739130434783, 0.717391304347826, 0.717391304347826, 0.6739130434782609, 0.782608695652174, 0.8260869565217391, 0.6086956521739131, 0.6304347826086957, 0.782608695652174, 0.8695652173913043, 0.8260869565217391, 0.8260869565217391, 0.7391304347826086, 0.8363636363636363, 0.8846153846153846, 0.8695652173913043, 0.7391304347826086, 0.7608695652173914, 0.6739130434782609, 0.7608695652173914, 0.8363636363636363, 0.8695652173913043, 0.717391304347826, 0.6739130434782609, 0.6521739130434783, 0.5652173913043478, 0.5, 0.45652173913043476, 0.4782608695652174, 0.3695652173913043, 0.391304347826087, 0.391304347826087, 0.32608695652173914, 0.41304347826086957, 0.8214285714285714, 0.8518518518518519, 0.8035714285714286, 0.9565217391304348, 0.9782608695652174, 0.5869565217391305, 0.6521739130434783, 0.7608695652173914, 0.717391304347826, 0.717391304347826], [0.7532467532467533, 0.6413043478260869, 0.7662337662337663, 0.6629213483146067, 0.6373626373626373, 0.9322033898305084, 0.9833333333333333, 0.847457627118644, 0.8813559322033898, 0.7796610169491526, 0.0, 0.8939393939393939, 0.9322033898305084, 0.9666666666666667, 0.864406779661017, 0.7627118644067796, 0.8135593220338984, 0.7627118644067796, 0.7966101694915254, 0.711864406779661, 0.9830508474576272, 0.6610169491525424, 0.6101694915254238, 0.5084745762711864, 0.5423728813559322, 0.8305084745762712, 0.711864406779661, 0.559322033898305, 0.6101694915254238, 0.7627118644067796, 0.4745762711864407, 0.5084745762711864, 0.559322033898305, 0.559322033898305, 0.5423728813559322, 0.6101694915254238, 0.6440677966101694, 0.4745762711864407, 0.4915254237288136, 0.6101694915254238, 0.6779661016949152, 0.6440677966101694, 0.6440677966101694, 0.576271186440678, 0.9322033898305084, 0.8813559322033898, 0.6779661016949152, 0.576271186440678, 0.5932203389830508, 0.5423728813559322, 0.5932203389830508, 0.9322033898305084, 0.6610169491525424, 0.559322033898305, 0.5254237288135594, 0.5084745762711864, 0.4406779661016949, 0.3898305084745763, 0.3559322033898305, 0.3728813559322034, 0.288135593220339, 0.3050847457627119, 0.3050847457627119, 0.2542372881355932, 0.3220338983050847, 0.9491525423728814, 0.9152542372881356, 0.9491525423728814, 0.7457627118644068, 0.7627118644067796, 0.4576271186440678, 0.5084745762711864, 0.5932203389830508, 0.559322033898305, 0.559322033898305], [0.8571428571428571, 0.7065217391304348, 0.8571428571428571, 0.7415730337078652, 0.7252747252747253, 0.8333333333333334, 0.9090909090909091, 0.7575757575757576, 0.7878787878787878, 0.696969696969697, 0.8939393939393939, 0.0, 0.8333333333333334, 0.8939393939393939, 0.7727272727272727, 0.6818181818181818, 0.7424242424242424, 0.6818181818181818, 0.7121212121212122, 0.6363636363636364, 0.8636363636363636, 0.5909090909090909, 0.5454545454545454, 0.45454545454545453, 0.48484848484848486, 0.7575757575757576, 0.6363636363636364, 0.5, 0.5454545454545454, 0.6818181818181818, 0.42424242424242425, 0.45454545454545453, 0.5, 0.5, 0.48484848484848486, 0.5454545454545454, 0.5909090909090909, 0.42424242424242425, 0.4393939393939394, 0.5454545454545454, 0.6060606060606061, 0.5757575757575758, 0.5757575757575758, 0.5151515151515151, 0.8333333333333334, 0.7575757575757576, 0.6060606060606061, 0.5151515151515151, 0.5303030303030303, 0.48484848484848486, 0.5303030303030303, 0.8333333333333334, 0.6060606060606061, 0.5, 0.4696969696969697, 0.45454545454545453, 0.3939393939393939, 0.3484848484848485, 0.3181818181818182, 0.3333333333333333, 0.25757575757575757, 0.2727272727272727, 0.2727272727272727, 0.22727272727272727, 0.2878787878787879, 0.8484848484848485, 0.8181818181818182, 0.8484848484848485, 0.6666666666666666, 0.6818181818181818, 0.4090909090909091, 0.45454545454545453, 0.5303030303030303, 0.5, 0.5], [0.7142857142857143, 0.5978260869565217, 0.7142857142857143, 0.6067415730337079, 0.6043956043956044, 0.9818181818181818, 0.9, 0.9090909090909091, 0.9454545454545454, 0.8363636363636363, 0.9322033898305084, 0.8333333333333334, 0.0, 0.9166666666666666, 0.9272727272727272, 0.8181818181818182, 0.8909090909090909, 0.8181818181818182, 0.8545454545454545, 0.7636363636363637, 0.9310344827586207, 0.7090909090909091, 0.6545454545454545, 0.5454545454545454, 0.5818181818181818, 0.9090909090909091, 0.7636363636363637, 0.6, 0.6545454545454545, 0.8181818181818182, 0.509090909090909, 0.5454545454545454, 0.6, 0.6, 0.5818181818181818, 0.6545454545454545, 0.7090909090909091, 0.509090909090909, 0.5272727272727272, 0.6545454545454545, 0.7272727272727273, 0.6909090909090909, 0.6909090909090909, 0.6181818181818182, 0.9818181818181818, 0.9454545454545454, 0.7272727272727273, 0.6181818181818182, 0.6363636363636364, 0.5818181818181818, 0.6363636363636364, 1.0, 0.7272727272727273, 0.6, 0.5636363636363636, 0.5454545454545454, 0.4727272727272727, 0.41818181818181815, 0.38181818181818183, 0.4, 0.3090909090909091, 0.32727272727272727, 0.32727272727272727, 0.2727272727272727, 0.34545454545454546, 0.9821428571428571, 0.9818181818181818, 0.9821428571428571, 0.8, 0.8, 0.4909090909090909, 0.5454545454545454, 0.6363636363636364, 0.6, 0.6], [0.7792207792207793, 0.6521739130434783, 0.7792207792207793, 0.6741573033707865, 0.6483516483516484, 0.9166666666666666, 1.0, 0.8166666666666667, 0.8666666666666667, 0.7666666666666667, 0.9666666666666667, 0.8939393939393939, 0.9166666666666666, 0.0, 0.85, 0.75, 0.8166666666666667, 0.75, 0.7833333333333333, 0.7, 0.9666666666666667, 0.65, 0.6, 0.5, 0.5333333333333333, 0.8166666666666667, 0.7, 0.55, 0.6, 0.75, 0.4666666666666667, 0.5, 0.55, 0.55, 0.5166666666666667, 0.6, 0.65, 0.4666666666666667, 0.48333333333333334, 0.6, 0.6666666666666666, 0.6166666666666667, 0.6166666666666667, 0.5666666666666667, 0.9166666666666666, 0.8666666666666667, 0.6666666666666666, 0.5666666666666667, 0.5833333333333334, 0.5333333333333333, 0.5833333333333334, 0.9166666666666666, 0.6666666666666666, 0.55, 0.5166666666666667, 0.5, 0.43333333333333335, 0.38333333333333336, 0.35, 0.36666666666666664, 0.2833333333333333, 0.3, 0.3, 0.25, 0.31666666666666665, 0.9333333333333333, 0.9, 0.9333333333333333, 0.7333333333333333, 0.75, 0.45, 0.5, 0.5833333333333334, 0.55, 0.55], [0.6623376623376623, 0.5543478260869565, 0.6623376623376623, 0.5617977528089888, 0.5494505494505495, 0.9272727272727272, 0.85, 0.9803921568627451, 0.9807692307692307, 0.9019607843137255, 0.864406779661017, 0.7727272727272727, 0.9272727272727272, 0.85, 0.0, 0.8823529411764706, 0.9607843137254902, 0.8823529411764706, 0.9215686274509803, 0.8235294117647058, 0.8793103448275862, 0.7647058823529411, 0.7058823529411765, 0.5882352941176471, 0.6274509803921569, 0.9607843137254902, 0.8235294117647058, 0.6470588235294118, 0.7058823529411765, 0.8823529411764706, 0.5490196078431373, 0.5882352941176471, 0.6470588235294118, 0.6470588235294118, 0.6274509803921569, 0.7058823529411765, 0.7647058823529411, 0.5490196078431373, 0.5686274509803921, 0.7058823529411765, 0.7647058823529411, 0.7450980392156863, 0.7450980392156863, 0.6666666666666666, 0.9272727272727272, 0.9807692307692307, 0.7843137254901961, 0.6666666666666666, 0.6862745098039216, 0.6274509803921569, 0.6862745098039216, 0.9272727272727272, 0.7843137254901961, 0.6470588235294118, 0.6078431372549019, 0.5882352941176471, 0.5098039215686274, 0.45098039215686275, 0.4117647058823529, 0.43137254901960786, 0.3333333333333333, 0.35294117647058826, 0.35294117647058826, 0.29411764705882354, 0.37254901960784315, 0.9107142857142857, 0.9444444444444444, 0.9107142857142857, 0.8627450980392157, 0.8823529411764706, 0.5294117647058824, 0.5882352941176471, 0.6862745098039216, 0.6470588235294118, 0.6470588235294118], [0.5844155844155844, 0.4891304347826087, 0.5844155844155844, 0.5056179775280899, 0.4945054945054945, 0.8181818181818182, 0.7333333333333333, 0.88, 0.8653846153846154, 0.9782608695652174, 0.7627118644067796, 0.6818181818181818, 0.8181818181818182, 0.75, 0.8823529411764706, 0.0, 0.9183673469387755, 1.0, 0.9574468085106383, 0.9111111111111111, 0.7586206896551724, 0.8666666666666667, 0.8, 0.6666666666666666, 0.7111111111111111, 0.9, 0.9333333333333333, 0.7333333333333333, 0.7777777777777778, 1.0, 0.6222222222222222, 0.6666666666666666, 0.7111111111111111, 0.7111111111111111, 0.7111111111111111, 0.8, 0.8666666666666667, 0.6222222222222222, 0.6444444444444445, 0.8, 0.8666666666666667, 0.8444444444444444, 0.8444444444444444, 0.7555555555555555, 0.8181818181818182, 0.8461538461538461, 0.8666666666666667, 0.7333333333333333, 0.7777777777777778, 0.6888888888888889, 0.7555555555555555, 0.8181818181818182, 0.8888888888888888, 0.7333333333333333, 0.6888888888888889, 0.6666666666666666, 0.5777777777777777, 0.5111111111111111, 0.4666666666666667, 0.4888888888888889, 0.37777777777777777, 0.4, 0.4, 0.3333333333333333, 0.4222222222222222, 0.8035714285714286, 0.8333333333333334, 0.7857142857142857, 0.9777777777777777, 0.9777777777777777, 0.6, 0.6666666666666666, 0.7777777777777778, 0.7333333333333333, 0.7333333333333333], [0.6363636363636364, 0.532608695652174, 0.6363636363636364, 0.550561797752809, 0.5384615384615384, 0.8909090909090909, 0.8166666666666667, 0.98, 0.9423076923076923, 0.9387755102040817, 0.8135593220338984, 0.7424242424242424, 0.8909090909090909, 0.8166666666666667, 0.9607843137254902, 0.9183673469387755, 0.0, 0.9183673469387755, 0.9591836734693877, 0.8571428571428571, 0.8275862068965517, 0.7959183673469388, 0.7346938775510204, 0.6122448979591837, 0.6530612244897959, 0.96, 0.8571428571428571, 0.673469387755102, 0.7346938775510204, 0.9183673469387755, 0.5714285714285714, 0.6122448979591837, 0.673469387755102, 0.673469387755102, 0.6530612244897959, 0.7346938775510204, 0.7959183673469388, 0.5714285714285714, 0.5918367346938775, 0.7346938775510204, 0.8163265306122449, 0.7551020408163265, 0.7755102040816326, 0.6938775510204082, 0.8909090909090909, 0.9423076923076923, 0.8163265306122449, 0.6938775510204082, 0.7142857142857143, 0.6530612244897959, 0.6938775510204082, 0.8909090909090909, 0.8163265306122449, 0.673469387755102, 0.6326530612244898, 0.6122448979591837, 0.5306122448979592, 0.46938775510204084, 0.42857142857142855, 0.4489795918367347, 0.3469387755102041, 0.3673469387755102, 0.3673469387755102, 0.30612244897959184, 0.3877551020408163, 0.875, 0.9074074074074074, 0.8571428571428571, 0.8979591836734694, 0.8979591836734694, 0.5510204081632653, 0.6122448979591837, 0.7142857142857143, 0.673469387755102, 0.673469387755102], [0.5844155844155844, 0.4891304347826087, 0.5844155844155844, 0.5056179775280899, 0.4945054945054945, 0.8, 0.75, 0.9, 0.8653846153846154, 0.9782608695652174, 0.7627118644067796, 0.6818181818181818, 0.8181818181818182, 0.75, 0.8823529411764706, 1.0, 0.9183673469387755, 0.0, 0.9148936170212766, 0.9333333333333333, 0.7758620689655172, 0.8666666666666667, 0.8, 0.6666666666666666, 0.7111111111111111, 0.9, 0.9333333333333333, 0.7333333333333333, 0.8, 0.9777777777777777, 0.6222222222222222, 0.6666666666666666, 0.7333333333333333, 0.7333333333333333, 0.7111111111111111, 0.8, 0.8666666666666667, 0.6222222222222222, 0.6444444444444445, 0.8, 0.8888888888888888, 0.8444444444444444, 0.8444444444444444, 0.7555555555555555, 0.8181818181818182, 0.8653846153846154, 0.8888888888888888, 0.7555555555555555, 0.7777777777777778, 0.7111111111111111, 0.7555555555555555, 0.8181818181818182, 0.8888888888888888, 0.7333333333333333, 0.6888888888888889, 0.6666666666666666, 0.5777777777777777, 0.5111111111111111, 0.4666666666666667, 0.4888888888888889, 0.37777777777777777, 0.4, 0.4, 0.3333333333333333, 0.4222222222222222, 0.8035714285714286, 0.8333333333333334, 0.8035714285714286, 0.9777777777777777, 1.0, 0.6, 0.6666666666666666, 0.7777777777777778, 0.7333333333333333, 0.7333333333333333], [0.6103896103896104, 0.5108695652173914, 0.6103896103896104, 0.5280898876404494, 0.5164835164835165, 0.8363636363636363, 0.7833333333333333, 0.92, 0.9038461538461539, 0.9787234042553191, 0.7966101694915254, 0.7121212121212122, 0.8545454545454545, 0.7833333333333333, 0.9215686274509803, 0.9574468085106383, 0.9591836734693877, 0.9148936170212766, 0.0, 0.8936170212765957, 0.8103448275862069, 0.8297872340425532, 0.7659574468085106, 0.6382978723404256, 0.6595744680851063, 0.94, 0.8936170212765957, 0.7021276595744681, 0.7659574468085106, 0.9574468085106383, 0.5957446808510638, 0.6382978723404256, 0.7021276595744681, 0.7021276595744681, 0.6808510638297872, 0.7659574468085106, 0.8297872340425532, 0.5957446808510638, 0.6170212765957447, 0.7659574468085106, 0.8297872340425532, 0.8085106382978723, 0.8085106382978723, 0.723404255319149, 0.8363636363636363, 0.9038461538461539, 0.851063829787234, 0.723404255319149, 0.7446808510638298, 0.6808510638297872, 0.7446808510638298, 0.8545454545454545, 0.851063829787234, 0.7021276595744681, 0.6595744680851063, 0.6382978723404256, 0.5531914893617021, 0.48936170212765956, 0.44680851063829785, 0.46808510638297873, 0.3617021276595745, 0.3829787234042553, 0.3829787234042553, 0.3191489361702128, 0.40425531914893614, 0.8392857142857143, 0.8703703703703703, 0.8392857142857143, 0.9361702127659575, 0.9574468085106383, 0.574468085106383, 0.6382978723404256, 0.7446808510638298, 0.7021276595744681, 0.7021276595744681], [0.5454545454545454, 0.45652173913043476, 0.5454545454545454, 0.47191011235955055, 0.46153846153846156, 0.7636363636363637, 0.7, 0.84, 0.8076923076923077, 0.9130434782608695, 0.711864406779661, 0.6363636363636364, 0.7636363636363637, 0.7, 0.8235294117647058, 0.9111111111111111, 0.8571428571428571, 0.9333333333333333, 0.8936170212765957, 0.0, 0.7241379310344828, 0.9285714285714286, 0.8571428571428571, 0.7142857142857143, 0.7619047619047619, 0.84, 1.0, 0.7857142857142857, 0.8571428571428571, 0.9333333333333333, 0.6666666666666666, 0.7142857142857143, 0.7857142857142857, 0.7857142857142857, 0.7619047619047619, 0.8571428571428571, 0.9285714285714286, 0.6666666666666666, 0.6904761904761905, 0.8333333333333334, 0.9523809523809523, 0.9047619047619048, 0.8809523809523809, 0.8095238095238095, 0.7454545454545455, 0.8076923076923077, 0.9523809523809523, 0.7857142857142857, 0.8333333333333334, 0.7380952380952381, 0.8333333333333334, 0.7636363636363637, 0.9523809523809523, 0.7857142857142857, 0.7380952380952381, 0.7142857142857143, 0.6190476190476191, 0.5476190476190477, 0.5, 0.5238095238095238, 0.40476190476190477, 0.42857142857142855, 0.42857142857142855, 0.35714285714285715, 0.4523809523809524, 0.75, 0.7777777777777778, 0.75, 0.9545454545454546, 0.9333333333333333, 0.6428571428571429, 0.7142857142857143, 0.8333333333333334, 0.7857142857142857, 0.7857142857142857], [0.7532467532467533, 0.6304347826086957, 0.7532467532467533, 0.651685393258427, 0.6263736263736264, 0.9482758620689655, 0.9666666666666667, 0.8620689655172413, 0.8793103448275862, 0.7758620689655172, 0.9830508474576272, 0.8636363636363636, 0.9310344827586207, 0.9666666666666667, 0.8793103448275862, 0.7586206896551724, 0.8275862068965517, 0.7758620689655172, 0.8103448275862069, 0.7241379310344828, 0.0, 0.6724137931034483, 0.6206896551724138, 0.5172413793103449, 0.5517241379310345, 0.8620689655172413, 0.7241379310344828, 0.5689655172413793, 0.6206896551724138, 0.7758620689655172, 0.4827586206896552, 0.5172413793103449, 0.5689655172413793, 0.5689655172413793, 0.5517241379310345, 0.6206896551724138, 0.6724137931034483, 0.4827586206896552, 0.5, 0.6206896551724138, 0.6896551724137931, 0.6551724137931034, 0.6379310344827587, 0.5689655172413793, 0.9482758620689655, 0.896551724137931, 0.6896551724137931, 0.5862068965517241, 0.603448275862069, 0.5517241379310345, 0.5862068965517241, 0.9482758620689655, 0.6896551724137931, 0.5517241379310345, 0.5344827586206896, 0.5172413793103449, 0.4482758620689655, 0.39655172413793105, 0.3620689655172414, 0.3793103448275862, 0.29310344827586204, 0.3103448275862069, 0.3103448275862069, 0.25862068965517243, 0.3275862068965517, 0.9655172413793104, 0.9310344827586207, 0.9655172413793104, 0.7413793103448276, 0.7758620689655172, 0.46551724137931033, 0.5172413793103449, 0.603448275862069, 0.5689655172413793, 0.5517241379310345], [0.5064935064935064, 0.42391304347826086, 0.5064935064935064, 0.43820224719101125, 0.42857142857142855, 0.7090909090909091, 0.65, 0.78, 0.75, 0.8478260869565217, 0.6610169491525424, 0.5909090909090909, 0.7090909090909091, 0.65, 0.7647058823529411, 0.8666666666666667, 0.7959183673469388, 0.8666666666666667, 0.8297872340425532, 0.9285714285714286, 0.6724137931034483, 0.0, 0.9230769230769231, 0.7692307692307693, 0.8205128205128205, 0.78, 0.9047619047619048, 0.8461538461538461, 0.9230769230769231, 0.8666666666666667, 0.717948717948718, 0.7692307692307693, 0.8461538461538461, 0.8461538461538461, 0.8205128205128205, 0.9230769230769231, 0.9743589743589743, 0.717948717948718, 0.7435897435897436, 0.9230769230769231, 0.975, 0.9743589743589743, 0.9743589743589743, 0.8461538461538461, 0.7090909090909091, 0.75, 0.95, 0.8717948717948718, 0.8717948717948718, 0.7948717948717948, 0.8974358974358975, 0.7090909090909091, 0.975, 0.8461538461538461, 0.7948717948717948, 0.7692307692307693, 0.6666666666666666, 0.5897435897435898, 0.5384615384615384, 0.5641025641025641, 0.4358974358974359, 0.46153846153846156, 0.4358974358974359, 0.38461538461538464, 0.48717948717948717, 0.6964285714285714, 0.7222222222222222, 0.6964285714285714, 0.8863636363636364, 0.8666666666666667, 0.6923076923076923, 0.7692307692307693, 0.8974358974358975, 0.8205128205128205, 0.8461538461538461], [0.4675324675324675, 0.391304347826087, 0.4675324675324675, 0.4044943820224719, 0.3956043956043956, 0.6545454545454545, 0.6, 0.7, 0.6923076923076923, 0.782608695652174, 0.6101694915254238, 0.5454545454545454, 0.6545454545454545, 0.6, 0.7058823529411765, 0.8, 0.7346938775510204, 0.8, 0.7659574468085106, 0.8571428571428571, 0.6206896551724138, 0.9230769230769231, 0.0, 0.8055555555555556, 0.8888888888888888, 0.72, 0.8571428571428571, 0.9166666666666666, 0.9722222222222222, 0.8, 0.7777777777777778, 0.8055555555555556, 0.9166666666666666, 0.9166666666666666, 0.8888888888888888, 0.9722222222222222, 0.9230769230769231, 0.7777777777777778, 0.8055555555555556, 1.0, 0.875, 0.9473684210526315, 0.9473684210526315, 0.9444444444444444, 0.6545454545454545, 0.6923076923076923, 0.9, 0.9444444444444444, 0.9722222222222222, 0.8888888888888888, 0.9722222222222222, 0.6545454545454545, 0.9, 0.8888888888888888, 0.8611111111111112, 0.8333333333333334, 0.7222222222222222, 0.6388888888888888, 0.5833333333333334, 0.5833333333333334, 0.4722222222222222, 0.5, 0.5, 0.4166666666666667, 0.5277777777777778, 0.6428571428571429, 0.6666666666666666, 0.6428571428571429, 0.8181818181818182, 0.8, 0.7222222222222222, 0.8333333333333334, 0.9722222222222222, 0.9166666666666666, 0.9166666666666666], [0.38961038961038963, 0.32608695652173914, 0.38961038961038963, 0.33707865168539325, 0.32967032967032966, 0.5454545454545454, 0.5, 0.6, 0.5769230769230769, 0.6521739130434783, 0.5084745762711864, 0.45454545454545453, 0.5454545454545454, 0.5, 0.5882352941176471, 0.6666666666666666, 0.6122448979591837, 0.6666666666666666, 0.6382978723404256, 0.7142857142857143, 0.5172413793103449, 0.7692307692307693, 0.8055555555555556, 0.0, 0.9375, 0.58, 0.7142857142857143, 0.9090909090909091, 0.8333333333333334, 0.6666666666666666, 0.9333333333333333, 1.0, 0.9090909090909091, 0.9090909090909091, 0.9375, 0.8333333333333334, 0.7692307692307693, 0.9333333333333333, 0.9666666666666667, 0.8333333333333334, 0.75, 0.7894736842105263, 0.7894736842105263, 0.8529411764705882, 0.5454545454545454, 0.5769230769230769, 0.75, 0.8823529411764706, 0.8571428571428571, 0.90625, 0.8571428571428571, 0.5454545454545454, 0.75, 0.9090909090909091, 0.9354838709677419, 1.0, 0.8666666666666667, 0.7333333333333333, 0.7, 0.7333333333333333, 0.5333333333333333, 0.6, 0.6, 0.5, 0.6333333333333333, 0.5357142857142857, 0.5555555555555556, 0.5357142857142857, 0.6818181818181818, 0.6666666666666666, 0.9, 1.0, 0.8571428571428571, 0.9090909090909091, 0.9090909090909091], [0.4155844155844156, 0.34782608695652173, 0.4155844155844156, 0.3595505617977528, 0.3516483516483517, 0.5818181818181818, 0.5333333333333333, 0.64, 0.6153846153846154, 0.6956521739130435, 0.5423728813559322, 0.48484848484848486, 0.5818181818181818, 0.5333333333333333, 0.6274509803921569, 0.7111111111111111, 0.6530612244897959, 0.7111111111111111, 0.6595744680851063, 0.7619047619047619, 0.5517241379310345, 0.8205128205128205, 0.8888888888888888, 0.9375, 0.0, 0.62, 0.7619047619047619, 0.9696969696969697, 0.8888888888888888, 0.6888888888888889, 0.875, 0.9375, 0.9393939393939394, 0.9393939393939394, 1.0, 0.8888888888888888, 0.8205128205128205, 0.875, 0.90625, 0.8888888888888888, 0.8, 0.8421052631578947, 0.8421052631578947, 0.9411764705882353, 0.5818181818181818, 0.6153846153846154, 0.8, 0.9411764705882353, 0.9142857142857143, 1.0, 0.9142857142857143, 0.5818181818181818, 0.8, 0.9696969696969697, 0.9375, 0.9375, 0.8125, 0.71875, 0.65625, 0.6875, 0.53125, 0.5625, 0.5625, 0.46875, 0.5625, 0.5714285714285714, 0.5925925925925926, 0.5714285714285714, 0.7272727272727273, 0.7111111111111111, 0.84375, 0.9375, 0.9142857142857143, 0.9696969696969697, 0.9696969696969697], [0.6493506493506493, 0.5434782608695652, 0.6493506493506493, 0.5617977528089888, 0.5494505494505495, 0.8909090909090909, 0.8333333333333334, 0.98, 0.9615384615384616, 0.92, 0.8305084745762712, 0.7575757575757576, 0.9090909090909091, 0.8166666666666667, 0.9607843137254902, 0.9, 0.96, 0.9, 0.94, 0.84, 0.8620689655172413, 0.78, 0.72, 0.58, 0.62, 0.0, 0.84, 0.64, 0.72, 0.9, 0.56, 0.6, 0.66, 0.66, 0.64, 0.72, 0.78, 0.56, 0.58, 0.72, 0.8, 0.76, 0.76, 0.68, 0.8909090909090909, 0.9615384615384616, 0.8, 0.68, 0.68, 0.64, 0.7, 0.9090909090909091, 0.8, 0.66, 0.62, 0.6, 0.52, 0.46, 0.42, 0.44, 0.34, 0.36, 0.36, 0.3, 0.38, 0.8928571428571429, 0.9259259259259259, 0.8928571428571429, 0.86, 0.88, 0.54, 0.6, 0.7, 0.66, 0.66], [0.5454545454545454, 0.45652173913043476, 0.5454545454545454, 0.47191011235955055, 0.46153846153846156, 0.7636363636363637, 0.7, 0.84, 0.8076923076923077, 0.9130434782608695, 0.711864406779661, 0.6363636363636364, 0.7636363636363637, 0.7, 0.8235294117647058, 0.9333333333333333, 0.8571428571428571, 0.9333333333333333, 0.8936170212765957, 1.0, 0.7241379310344828, 0.9047619047619048, 0.8571428571428571, 0.7142857142857143, 0.7619047619047619, 0.84, 0.0, 0.7857142857142857, 0.8571428571428571, 0.9333333333333333, 0.6666666666666666, 0.6904761904761905, 0.7857142857142857, 0.7857142857142857, 0.7380952380952381, 0.8571428571428571, 0.9285714285714286, 0.6666666666666666, 0.6904761904761905, 0.8571428571428571, 0.9523809523809523, 0.9047619047619048, 0.9047619047619048, 0.8095238095238095, 0.7636363636363637, 0.8076923076923077, 0.9285714285714286, 0.8095238095238095, 0.8333333333333334, 0.7380952380952381, 0.8333333333333334, 0.7454545454545455, 0.9523809523809523, 0.7857142857142857, 0.7380952380952381, 0.7142857142857143, 0.6190476190476191, 0.5476190476190477, 0.5, 0.5, 0.40476190476190477, 0.42857142857142855, 0.42857142857142855, 0.35714285714285715, 0.4523809523809524, 0.75, 0.7777777777777778, 0.75, 0.9545454545454546, 0.9333333333333333, 0.6428571428571429, 0.7142857142857143, 0.8333333333333334, 0.7857142857142857, 0.7857142857142857], [0.42857142857142855, 0.358695652173913, 0.42857142857142855, 0.3707865168539326, 0.3626373626373626, 0.6, 0.55, 0.66, 0.6346153846153846, 0.717391304347826, 0.559322033898305, 0.5, 0.6, 0.55, 0.6470588235294118, 0.7333333333333333, 0.673469387755102, 0.7333333333333333, 0.7021276595744681, 0.7857142857142857, 0.5689655172413793, 0.8461538461538461, 0.9166666666666666, 0.9090909090909091, 0.9696969696969697, 0.64, 0.7857142857142857, 0.0, 0.8888888888888888, 0.7111111111111111, 0.8484848484848485, 0.8787878787878788, 1.0, 1.0, 0.9696969696969697, 0.9166666666666666, 0.8461538461538461, 0.8484848484848485, 0.8787878787878788, 0.9166666666666666, 0.825, 0.868421052631579, 0.868421052631579, 0.9705882352941176, 0.6, 0.5961538461538461, 0.825, 0.9705882352941176, 0.9428571428571428, 0.9696969696969697, 0.9428571428571428, 0.6, 0.825, 1.0, 0.9393939393939394, 0.9090909090909091, 0.7878787878787878, 0.696969696969697, 0.6363636363636364, 0.6666666666666666, 0.5151515151515151, 0.5454545454545454, 0.5454545454545454, 0.45454545454545453, 0.5757575757575758, 0.5892857142857143, 0.6111111111111112, 0.5892857142857143, 0.75, 0.7333333333333333, 0.8181818181818182, 0.8787878787878788, 0.9428571428571428, 1.0, 1.0], [0.4675324675324675, 0.391304347826087, 0.4675324675324675, 0.4044943820224719, 0.3956043956043956, 0.6545454545454545, 0.6, 0.72, 0.6923076923076923, 0.782608695652174, 0.6101694915254238, 0.5454545454545454, 0.6545454545454545, 0.6, 0.7058823529411765, 0.7777777777777778, 0.7346938775510204, 0.8, 0.7659574468085106, 0.8571428571428571, 0.6206896551724138, 0.9230769230769231, 0.9722222222222222, 0.8333333333333334, 0.8888888888888888, 0.72, 0.8571428571428571, 0.8888888888888888, 0.0, 0.8, 0.7777777777777778, 0.8333333333333334, 0.9166666666666666, 0.9166666666666666, 0.8888888888888888, 1.0, 0.8974358974358975, 0.7777777777777778, 0.8055555555555556, 1.0, 0.9, 0.9473684210526315, 0.9473684210526315, 0.9444444444444444, 0.6545454545454545, 0.6923076923076923, 0.9, 0.9444444444444444, 0.9722222222222222, 0.8888888888888888, 0.9722222222222222, 0.6545454545454545, 0.9, 0.9166666666666666, 0.8611111111111112, 0.8333333333333334, 0.7222222222222222, 0.6388888888888888, 0.5833333333333334, 0.6111111111111112, 0.4722222222222222, 0.5, 0.5, 0.4166666666666667, 0.5277777777777778, 0.6428571428571429, 0.6666666666666666, 0.6428571428571429, 0.8181818181818182, 0.8, 0.75, 0.8055555555555556, 0.9722222222222222, 0.9166666666666666, 0.9166666666666666], [0.5844155844155844, 0.4891304347826087, 0.5844155844155844, 0.5056179775280899, 0.4945054945054945, 0.8, 0.75, 0.9, 0.8653846153846154, 0.9782608695652174, 0.7627118644067796, 0.6818181818181818, 0.8181818181818182, 0.75, 0.8823529411764706, 1.0, 0.9183673469387755, 0.9777777777777777, 0.9574468085106383, 0.9333333333333333, 0.7758620689655172, 0.8666666666666667, 0.8, 0.6666666666666666, 0.6888888888888889, 0.9, 0.9333333333333333, 0.7111111111111111, 0.8, 0.0, 0.6, 0.6666666666666666, 0.7111111111111111, 0.7333333333333333, 0.7111111111111111, 0.8, 0.8444444444444444, 0.6222222222222222, 0.6444444444444445, 0.8, 0.8888888888888888, 0.8444444444444444, 0.8444444444444444, 0.7555555555555555, 0.7818181818181819, 0.8269230769230769, 0.8888888888888888, 0.7555555555555555, 0.7555555555555555, 0.7111111111111111, 0.7777777777777778, 0.8181818181818182, 0.8666666666666667, 0.7333333333333333, 0.6888888888888889, 0.6666666666666666, 0.5777777777777777, 0.5111111111111111, 0.4666666666666667, 0.4666666666666667, 0.37777777777777777, 0.4, 0.4, 0.3333333333333333, 0.4222222222222222, 0.8035714285714286, 0.8333333333333334, 0.8035714285714286, 0.9777777777777777, 1.0, 0.6, 0.6666666666666666, 0.7777777777777778, 0.7333333333333333, 0.7333333333333333], [0.36363636363636365, 0.30434782608695654, 0.36363636363636365, 0.3146067415730337, 0.3076923076923077, 0.509090909090909, 0.4666666666666667, 0.56, 0.5384615384615384, 0.6086956521739131, 0.4745762711864407, 0.42424242424242425, 0.509090909090909, 0.4666666666666667, 0.5490196078431373, 0.6222222222222222, 0.5714285714285714, 0.6222222222222222, 0.5957446808510638, 0.6666666666666666, 0.4827586206896552, 0.717948717948718, 0.7777777777777778, 0.9333333333333333, 0.875, 0.56, 0.6666666666666666, 0.8484848484848485, 0.7777777777777778, 0.6, 0.0, 0.9333333333333333, 0.8484848484848485, 0.8484848484848485, 0