[[0.0, 0.08579052804106048, 0.16184906944948482, 0.11543356186568957, 0.06562499999999993, 0.2400007154902231, 0.18191780936170368, 0.18793504443104378, 0.1883840397724818, 0.17087372508395252, 0.16571111073829778, 0.14505255297126682, 0.21382647673522567, 0.20004300926550767, 0.16094327848344586, 0.20157372704870874, 0.18669534484382266, 0.23122249742618042, 0.2255583319324747, 0.19705127381978532, 0.21558276136324073, 0.22936593968808885, 0.28176623979639565, 0.2598086226436683, 0.2250992828797995, 0.19030435852076538, 0.20181462925906013, 0.17947699052634442, 0.19246544924538686, 0.1983048533859276, 0.2626319932700508, 0.2114581034484136, 0.20310150526522436, 0.19205886620455798, 0.17535803962839763, 0.18768884902451302, 0.19031420535943724, 0.21601835553817914, 0.1920632016784299, 0.22027629375470534, 0.23740031661731206, 0.1986526884414102, 0.20009230031711467, 0.20193697397670168, 0.20213962875695604, 0.17544839575408921, 0.19363289090699443, 0.20472924192699005, 0.19439962323544066, 0.19340859683581804, 0.2998151121154238, 0.11888759204353365, 0.2127549872953042, 0.2604167600001966, 0.238378175414613, 0.334496522347293, 0.27908077285617505, 0.2844458390098193, 0.26995946893478373, 0.264607896497818, 0.3936051088385205, 0.2655973330296894, 0.2737748807505904, 0.2396559134634487, 0.2875, 0.23702393221993423, 0.20420849911793584, 0.2112193003005038, 0.1909095957623327, 0.20416700000000004, 0.2675660153894533, 0.25772759628918285, 0.2742295259449646, 0.19648879309054051, 0.20029882168649926], [0.08579052804106048, 0.0, 0.1021664502786064, 0.17560075864768843, 0.14529671102672156, 0.32215064545547195, 0.26357369990735235, 0.27132114357007714, 0.24791699999999994, 0.2465893174018783, 0.21636853355695126, 0.19008632907181933, 0.2684633864123747, 0.25466738419335333, 0.21728950622153853, 0.2391853854481916, 0.25398130000717506, 0.2840452280553222, 0.28275787885751297, 0.2600186167183921, 0.23697899999999994, 0.2778737902645732, 0.33395867644066374, 0.3190764661221507, 0.28566765166010655, 0.2338679728671714, 0.22884701115374007, 0.23779280780755327, 0.24455861033502782, 0.2099063355523125, 0.3238286305208358, 0.27360946862270685, 0.27738833589212075, 0.24238669245855887, 0.21111760541461255, 0.2309986569528057, 0.19797418900957778, 0.25155958193636746, 0.23506619912058813, 0.24739588000005167, 0.2711885905740644, 0.25188740664233294, 0.2279139506648226, 0.2264827202459384, 0.22742028441632023, 0.208884687088355, 0.23897850657720246, 0.2428449636836962, 0.2218192838889352, 0.22626541134694, 0.3365728004459065, 0.17378764755010637, 0.2706889611195846, 0.30091177744860026, 0.2776150413911664, 0.3944827440205718, 0.3294256456905081, 0.33255180882984237, 0.32442714845246834, 0.31459433355513566, 0.4246402933460272, 0.29256509009962206, 0.30630365785605634, 0.271261084565673, 0.30850188636214193, 0.21655191251983896, 0.20818594111730895, 0.19687500000000002, 0.25788948856160365, 0.23461980875777974, 0.31735545744795385, 0.31384242499035825, 0.3303972880775507, 0.21029082866678434, 0.22350552888239691], [0.16184906944948482, 0.1021664502786064, 0.0, 0.18838863494913916, 0.10976705883369561, 0.27255782850399823, 0.21344270948907088, 0.2231110594868591, 0.20052099999999995, 0.19767551711796874, 0.18205297897315492, 0.1739185051712439, 0.24601186102300016, 0.2317674473540233, 0.22317581820392157, 0.1941079964185485, 0.2310153193578296, 0.2623393428672108, 0.25520860000007833, 0.2132021215362169, 0.21897812549430595, 0.2603436984449595, 0.29169576521608953, 0.28457581844035873, 0.25069329424218745, 0.2099063355523125, 0.1837424882736708, 0.1868171109472108, 0.20679687829365312, 0.1775430520465388, 0.28821957760360417, 0.23326892916974604, 0.23874219809870223, 0.20804146221366546, 0.18460772012567622, 0.1841833702835303, 0.20000000000000007, 0.23766971403399298, 0.2116355601736154, 0.2471605488222051, 0.26441948713392777, 0.22795370281046098, 0.22096817763369844, 0.21756761779119613, 0.2018432908565613, 0.20256892495159548, 0.19045441936644206, 0.23647463453402354, 0.1869933478843566, 0.1833701860172057, 0.3283685685514677, 0.1455349709794866, 0.24430599604798892, 0.2881675792538085, 0.26609696224496815, 0.3603170384066811, 0.29232874720252877, 0.30101911377518875, 0.28853641075261194, 0.27797183282483856, 0.42118358557913765, 0.29256011647937796, 0.3006435227607607, 0.2665381389482564, 0.3104810744151727, 0.2173061077029359, 0.178645, 0.20575576368354787, 0.21137610939581003, 0.1861239920672461, 0.29882737711901025, 0.2896223912510909, 0.30602659808095106, 0.1957845240745395, 0.22531654903890874], [0.11543356186568957, 0.17560075864768843, 0.18838863494913916, 0.0, 0.09763974312192944, 0.207812, 0.19659679903040128, 0.1766485817690026, 0.2127813193022357, 0.16494745306305755, 0.17533381226314473, 0.14583400000000002, 0.16176079210321007, 0.16103239381565437, 0.15470162673999263, 0.18101118438372807, 0.18009194965350342, 0.18926342308010807, 0.19409979088087653, 0.17140565893225349, 0.22920364550329475, 0.23221968223214848, 0.194028940249565, 0.189583, 0.20758132275327662, 0.17666973355790141, 0.16223948537472074, 0.2054102666802442, 0.18964588545997524, 0.18169607614262157, 0.248591692367223, 0.17909424578137623, 0.18512720945609268, 0.17407130820376274, 0.16770800000000002, 0.20375710259522245, 0.1995715438802774, 0.2720477953710053, 0.2080307976977169, 0.20000198968341765, 0.1818659606939795, 0.1689369188642233, 0.15655601339456746, 0.1694319799087073, 0.1612805096036096, 0.15559993997428145, 0.16800035787403386, 0.17579189085108557, 0.16298006013006625, 0.16453849995973593, 0.19253190730369865, 0.16279699675669698, 0.185938, 0.16041699999999992, 0.167709, 0.23940757158034917, 0.18732720533334188, 0.1830523481220605, 0.19890677316331531, 0.17348557829430225, 0.2818978475281426, 0.18512653986935532, 0.17859558027768582, 0.24155856202792736, 0.20304482842935037, 0.22825740145721451, 0.189583, 0.21286981084071385, 0.19251219481022908, 0.20361203238475994, 0.18593700000000002, 0.18631651380379577, 0.21679611838084184, 0.16956111955280312, 0.1715564985799139], [0.06562499999999993, 0.14529671102672156, 0.10976705883369561, 0.09763974312192944, 0.0, 0.21292258777789114, 0.17376037039555373, 0.1713539999999999, 0.16196001852290795, 0.18766430989116686, 0.17629988095044682, 0.11345685766743811, 0.18490106213323917, 0.17125182886322698, 0.1314689588952464, 0.17316810709827604, 0.17953643311595566, 0.20137436611942444, 0.19554385253861808, 0.17864599999999997, 0.16809641434010425, 0.20544913874728218, 0.23514877087707695, 0.22287321441797353, 0.18875806527139438, 0.17684861742139357, 0.17864600000000003, 0.15677100000000005, 0.16094327848344586, 0.16899712666196426, 0.2675454588850276, 0.19333479884645702, 0.20331525876087123, 0.17884464675431516, 0.16034884713648553, 0.17069279992137923, 0.17166175688252544, 0.23109445497730025, 0.16538898277999053, 0.1922209738243983, 0.20912998827762605, 0.17034474414551218, 0.17006713402613746, 0.18800588075961752, 0.171354, 0.14583320945298278, 0.17280730377214967, 0.17741379753559197, 0.16242205917602373, 0.17140465922780512, 0.2688068337840391, 0.1392881210337859, 0.18351736005348376, 0.23101564401139593, 0.20857354802077263, 0.30101911377518875, 0.23362721801408332, 0.23829403358246298, 0.23103660349174104, 0.22195674218189454, 0.36315814494036497, 0.2358454456115033, 0.24470551720441006, 0.2223804912756513, 0.26249999999999996, 0.2543027777630437, 0.20931036129155192, 0.23423218023477077, 0.200521, 0.22578760930287442, 0.23731358395970648, 0.2288729177950069, 0.2453918152037675, 0.1763471922231823, 0.18103642178607038], [0.2400007154902231, 0.32215064545547195, 0.27255782850399823, 0.207812, 0.21292258777789114, 0.0, 0.13527619765871599, 0.1045836665832672, 0.16304602707517904, 0.16075491584707446, 0.15335157160590168, 0.2219410113070588, 0.182292, 0.215105, 0.1726167718212805, 0.23015053856117737, 0.22229786288671335, 0.1669532658231039, 0.17726648176121734, 0.18455547923050133, 0.1766485817690026, 0.1879645513654104, 0.15108925334394416, 0.16595583702901204, 0.1876101488965882, 0.18792757890740786, 0.1829176316036382, 0.19269621293437836, 0.1794208040167026, 0.19691909382789669, 0.1515999565276791, 0.17135400000000003, 0.1534787027482186, 0.185937, 0.16244819962600954, 0.1817281621378481, 0.2297247777776703, 0.2024690545639012, 0.22558362417820535, 0.2099055415466681, 0.23831270960887696, 0.20365599399232032, 0.192707702702824, 0.2012305206221116, 0.15057726883231748, 0.23177504059971604, 0.17953574268094918, 0.17984429777171143, 0.23177504059971604, 0.2068693092558681, 0.21574866482089755, 0.24003840255489506, 0.1495839396964586, 0.18668349882354351, 0.18347857409790388, 0.15719971167034308, 0.2008464543215912, 0.185937, 0.2096431857709773, 0.210199323395676, 0.2537992563030869, 0.16156260201231715, 0.1932739256340596, 0.17052602242759227, 0.16730277775637795, 0.26983791431153625, 0.18999464173760275, 0.15442245750767275, 0.14583400000000002, 0.16927043076981876, 0.18183960077067568, 0.14218699999999998, 0.12119161040295458, 0.1685340583383667, 0.1947496207492524], [0.18191780936170368, 0.26357369990735235, 0.21344270948907088, 0.19659679903040128, 0.17376037039555373, 0.13527619765871599, 0.0, 0.056136177283459564, 0.04199047097854468, 0.04597779034490458, 0.1756582647951318, 0.14490777958821272, 0.22131398007807823, 0.1620536156298357, 0.20429714283366762, 0.1853146751339461, 0.22604200000000002, 0.19757923603962027, 0.19797418900957767, 0.15058128226974293, 0.18009095478951745, 0.16266348293639848, 0.13648569318796752, 0.12534599891899223, 0.09237958190531066, 0.19253652250936704, 0.1663566126428403, 0.22178918274117881, 0.20938337193053322, 0.20117421264964208, 0.15965797183040997, 0.13008547122801795, 0.14780656154730135, 0.12266041249423541, 0.12520879055801154, 0.15956460834721467, 0.17622089745070238, 0.22675099917089675, 0.16612123355248723, 0.1751496848670396, 0.17829497348495277, 0.15332601038381372, 0.1345906176405242, 0.143825435370949, 0.1433544640036892, 0.13953983028870282, 0.13263212981023864, 0.12095961038297036, 0.12704793359917743, 0.11219043829578347, 0.18565127643245552, 0.18459096282247228, 0.14936232977561642, 0.14804926656353282, 0.13954543608803546, 0.20213962875695604, 0.15112314335266036, 0.16527439279573838, 0.20082902290505722, 0.1625, 0.27998003575471314, 0.1527876965439015, 0.17990350791858695, 0.16650977615743773, 0.17916599999999994, 0.1387923796647352, 0.13024166240109197, 0.19322899999999998, 0.1856384778137334, 0.16041699999999998, 0.15327866934680018, 0.14326636729183861, 0.15917699980143046, 0.16737556815736282, 0.1428340015437501], [0.18793504443104378, 0.27132114357007714, 0.2231110594868591, 0.1766485817690026, 0.1713539999999999, 0.1045836665832672, 0.056136177283459564, 0.0, 0.08192920968738805, 0.06036274277724799, 0.15318168791993378, 0.1606323398696539, 0.2093113541330236, 0.16651062695515864, 0.20237623189742418, 0.17054743974732328, 0.20327278961287465, 0.17519833205827046, 0.19322900000000004, 0.16359489367642258, 0.12962821268921362, 0.14552876499510328, 0.13623175323954484, 0.12597277731716477, 0.1202617587805866, 0.1834110921754734, 0.11249446368242881, 0.1680926073350648, 0.15436728500883856, 0.1469384821858532, 0.17431736702061565, 0.11798204896377473, 0.1451572463010073, 0.13718865454803938, 0.13496034493509568, 0.11404378266892935, 0.1470238927710954, 0.1805537280348172, 0.14081199663842472, 0.15513693125290137, 0.17313166664270016, 0.13282050547862517, 0.145833, 0.156771, 0.12895699970420219, 0.13058768871911317, 0.14948609623975065, 0.12072617087273534, 0.1425149582145919, 0.12379674026403115, 0.1993163722151294, 0.19794643863126582, 0.12621366501690698, 0.16351901024389143, 0.13977241993547626, 0.1996204975847921, 0.13125000000000003, 0.13650206042400972, 0.1503504118837604, 0.14218799999999998, 0.2936597087971021, 0.167044317526207, 0.17671777563510668, 0.17054135210558166, 0.19583299999999992, 0.17864599999999997, 0.12927472638268245, 0.17431694872272177, 0.1895830769240757, 0.16021687667034334, 0.16470776929269765, 0.15574993172711182, 0.1700306592516591, 0.11558276331468732, 0.11492502046986981], [0.1883840397724818, 0.24791699999999994, 0.20052099999999995, 0.2127813193022357, 0.16196001852290795, 0.16304602707517904, 0.04199047097854468, 0.08192920968738805, 0.0, 0.07276682700241918, 0.1663350997390478, 0.15983719690359938, 0.24265401538198372, 0.17222784186652282, 0.22737991851524617, 0.2011927325352484, 0.24713270006415577, 0.21861115755860755, 0.21912790370654553, 0.16351925403755974, 0.15526857639586963, 0.1390223952786025, 0.13953994972766756, 0.14867047798739325, 0.11660228543643554, 0.20861993848383714, 0.14832685847478874, 0.19988642500179948, 0.19030435852076535, 0.18170649742688036, 0.17222784186652282, 0.1336097395401997, 0.16221344579596358, 0.13770482219588392, 0.13289310135970192, 0.1654128985206414, 0.1756013857672279, 0.2319902137785127, 0.17159758791755964, 0.17682442564297002, 0.19253091179600226, 0.16931500064967667, 0.14436906643737782, 0.13417700788510672, 0.157649978195368, 0.15320610664069492, 0.14334493775854099, 0.1354739119387936, 0.1263221929868224, 0.10555622388152516, 0.20766409985393444, 0.16549537226642724, 0.1395220285152133, 0.16828640022295321, 0.14628041420045365, 0.2239999571785673, 0.14704894752768544, 0.15634780244698035, 0.17547511011438505, 0.1351165096537059, 0.30138141601870866, 0.1735523117911843, 0.1820649871935488, 0.15236179501764874, 0.19583299999999992, 0.10744023368757705, 0.12083379310441267, 0.20884284030102634, 0.20419855257077607, 0.17897105747251, 0.17647256466792718, 0.1664349336918184, 0.18269304834612612, 0.1447311776379592, 0.1192834745834398], [0.17087372508395252, 0.2465893174018783, 0.19767551711796874, 0.16494745306305755, 0.18766430989116686, 0.16075491584707446, 0.04597779034490458, 0.06036274277724799, 0.07276682700241918, 0.0, 0.18964904977105124, 0.14114848430863516, 0.17875733765079407, 0.1374886404751589, 0.15837597315249555, 0.1689377950778545, 0.1839130757858179, 0.17540968290832748, 0.1718103199025018, 0.1415756567387204, 0.1768511279042348, 0.15900414914397673, 0.14249455277307965, 0.13770512477391686, 0.10354545935481675, 0.1713951463169246, 0.16483386417238421, 0.21942405968580567, 0.20772440154445024, 0.1998770967371752, 0.18351793618063603, 0.12974995182398688, 0.13050476357589402, 0.12423777466213724, 0.12395799999999996, 0.16398281894751163, 0.17947828112541322, 0.23112857773326084, 0.17006914443543247, 0.17883416049954542, 0.1362787112876654, 0.1381650218543029, 0.12897441034949528, 0.12835775741652705, 0.1297705881777531, 0.12787579796427462, 0.12938982093768728, 0.12790835452453705, 0.11421599732034887, 0.1172904222661767, 0.1868982935744718, 0.17016632157098535, 0.1544213604503756, 0.14723433673569492, 0.13079624016891253, 0.21552505091056126, 0.1484810021456226, 0.16357913026422416, 0.19748994150842214, 0.15850182592008205, 0.2804220641675847, 0.15247858240285944, 0.17550172883060355, 0.16333300249796426, 0.17499999999999993, 0.13273697880232577, 0.1305876887191132, 0.1500017346566366, 0.17003250276638285, 0.15737849231708886, 0.1563050338505831, 0.14658408156754268, 0.16298006013006622, 0.16518571180722116, 0.13984838733785956], [0.16571111073829778, 0.21636853355695126, 0.18205297897315492, 0.17533381226314473, 0.17629988095044682, 0.15335157160590168, 0.1756582647951318, 0.15318168791993378, 0.1663350997390478, 0.18964904977105124, 0.0, 0.09833612990656082, 0.14406273620819632, 0.12081101732391789, 0.09583399999999997, 0.17022522968114923, 0.14818134271898065, 0.1627270041520232, 0.14539941029204104, 0.16090227797020154, 0.20880188310692988, 0.2147563895626856, 0.17810949737731557, 0.17381860431208157, 0.1609398043640412, 0.13566306487745336, 0.1242377746621373, 0.153375539153184, 0.15160476921074084, 0.13574435122780193, 0.17909510659144207, 0.12311456526747765, 0.14541721436267444, 0.12726043475469306, 0.11257858819044397, 0.17034697378137398, 0.165989281162188, 0.23874456566882143, 0.17451225269692527, 0.166667, 0.18337025078239927, 0.13410954353451174, 0.1701147577842675, 0.19863495413019433, 0.13998581539344224, 0.12458665965503687, 0.10108885429009734, 0.12581016175982268, 0.12133470695559452, 0.116368148826364, 0.2334479145762498, 0.14656938742452327, 0.13667883494533645, 0.19705195046230825, 0.1711838058929641, 0.25324821195420116, 0.17937369797436864, 0.186357693278276, 0.18233962035992063, 0.17272963253593754, 0.32380320884141955, 0.20013288901127665, 0.20912998827762605, 0.1905887021790368, 0.23850527378865224, 0.2496877478792261, 0.20454829638987465, 0.22827969147305893, 0.20332639652784884, 0.21878968528932077, 0.1897550101815496, 0.18276477039238445, 0.1935451642350813, 0.12448448950012618, 0.15899263060309912], [0.14505255297126682, 0.19008632907181933, 0.1739185051712439, 0.14583400000000002, 0.11345685766743811, 0.2219410113070588, 0.14490777958821272, 0.1606323398696539, 0.15983719690359938, 0.14114848430863516, 0.09833612990656082, 0.0, 0.1070083995301304, 0.0650723989650164, 0.10602668157119699, 0.15899067686502882, 0.14723406434993233, 0.15141004571010888, 0.13862575487260656, 0.1639886090220903, 0.17756107492916348, 0.16367180676585685, 0.16931405320291643, 0.17500000000000004, 0.15677000000000002, 0.1377051247739168, 0.18166811161566027, 0.21987336534696508, 0.21819127707777589, 0.20129154630468327, 0.21910241830020957, 0.14936523910535543, 0.1532774490556259, 0.13020824000039322, 0.13738197428338259, 0.24216048181618302, 0.23724327060003197, 0.30873409765686716, 0.24628487664530074, 0.2307166740419946, 0.12718681272050184, 0.13338313360391557, 0.14290185054435092, 0.15840563648891873, 0.1408635668828125, 0.13437141726572657, 0.1446711704867283, 0.14396968328436377, 0.1650428195592756, 0.13861644641402102, 0.1576202932937254, 0.1547016267399926, 0.11943505288649563, 0.12377752759721268, 0.11713124168214048, 0.225357461225494, 0.17032773046101457, 0.1731681070982761, 0.17750956517612151, 0.1639657452793114, 0.2513989067796437, 0.13699753520775473, 0.1426975309176722, 0.24483795005880934, 0.1612871240118069, 0.1931212522121788, 0.15040532015191485, 0.18009194965350336, 0.16406300000000001, 0.18635769262257745, 0.12734068034999665, 0.12387590258873513, 0.16802765562847088, 0.154170115953125, 0.1149250204698698], [0.21382647673522567, 0.2684633864123747, 0.24601186102300016, 0.16176079210321007, 0.18490106213323917, 0.182292, 0.22131398007807823, 0.2093113541330236, 0.24265401538198372, 0.17875733765079407, 0.14406273620819632, 0.1070083995301304, 0.0, 0.11718764000098303, 0.08286338905742527, 0.17098868038557408, 0.1341774736869047, 0.13764610102787156, 0.13368388390527858, 0.17018402213192635, 0.2676167372493731, 0.26769913586711486, 0.21559737242601082, 0.19608298072499816, 0.2461775822389196, 0.13030811376886706, 0.20009585609829553, 0.2432973667777767, 0.23886946473126278, 0.22547265478545284, 0.20541956370501807, 0.1649913465761159, 0.15991897796696924, 0.1262138003544138, 0.1569048776329149, 0.23511961113394295, 0.23852208562311375, 0.30065394221430064, 0.24082000822421737, 0.24232334890598026, 0.13606020992539047, 0.14106291521853093, 0.1481662822984581, 0.15312319610923394, 0.1369914044330936, 0.14246994901381832, 0.1336881649765412, 0.1446858948776688, 0.16078694748663408, 0.18758739514157127, 0.18097546544456067, 0.20777286192619093, 0.1392207737585965, 0.13442382753068738, 0.13258267297674345, 0.16670687509817944, 0.17105433297840594, 0.19531264000058982, 0.20847983911160328, 0.18631651380379574, 0.1822914800011234, 0.15052074048449265, 0.20483569105505026, 0.22238084727107238, 0.13020629571732578, 0.17971129311203565, 0.15098063709628465, 0.1899897180612677, 0.145833, 0.14871699009151232, 0.16207232610473635, 0.14602721007205807, 0.16758927839512883, 0.20584717200652838, 0.18291308154421326], [0.20004300926550767, 0.25466738419335333, 0.2317674473540233, 0.16103239381565437, 0.17125182886322698, 0.215105, 0.1620536156298357, 0.16651062695515864, 0.17222784186652282, 0.1374886404751589, 0.12081101732391789, 0.0650723989650164, 0.11718764000098303, 0.0, 0.0673972900419594, 0.15375119099701312, 0.13023671938813805, 0.13592174110494612, 0.12395900000000004, 0.14466721926410372, 0.20708960084465855, 0.21131294406637752, 0.15682637000836308, 0.1666588553268127, 0.17032773046101446, 0.12547450678702976, 0.1552038820237352, 0.18757270905171677, 0.183925572536828, 0.1673979799191137, 0.211459, 0.1259465527516444, 0.133382813413123, 0.11808253609234515, 0.10857831115374737, 0.22045035871083926, 0.21150015186046553, 0.2634375359169608, 0.20959614668452275, 0.1853299617034439, 0.109375, 0.13050787400456978, 0.15049962059799746, 0.1639369142230792, 0.12760400000000005, 0.12031199999999997, 0.1337604520845669, 0.12569761030743587, 0.14607770034366954, 0.12072600856258044, 0.12407840543149438, 0.12056177019290956, 0.10473969511603523, 0.12850944085552624, 0.11219069826861758, 0.16561779299163326, 0.12921844761875143, 0.12962959885766828, 0.1408321050188446, 0.12594339936654084, 0.20445973162948247, 0.12096060502907548, 0.13050476357589402, 0.2429227850861257, 0.1562639624353613, 0.18272805765946287, 0.12981935004546863, 0.1759463181143612, 0.16041700000000003, 0.1673303609132176, 0.12895776225938735, 0.12025668149836831, 0.15682637000836308, 0.1307900805033514, 0.1289575875480158], [0.16094327848344586, 0.21728950622153853, 0.22317581820392157, 0.15470162673999263, 0.1314689588952464, 0.1726167718212805, 0.20429714283366762, 0.20237623189742418, 0.22737991851524617, 0.15837597315249555, 0.09583399999999997, 0.10602668157119699, 0.08286338905742527, 0.0673972900419594, 0.0, 0.1679149451954769, 0.13566348709588508, 0.10116992802420566, 0.11227326379864438, 0.16304602707517898, 0.2676982778596082, 0.2692605544468034, 0.20377046648380717, 0.20484517188598805, 0.23492029590358493, 0.14334592604605126, 0.14623416283234275, 0.1958368423220031, 0.19664829060883515, 0.17552091988136345, 0.19561817324829503, 0.1337486347719676, 0.14936193922482394, 0.12346993903112387, 0.13312517726950732, 0.19207356808264905, 0.1880580592264699, 0.2603471418580593, 0.1963726257506848, 0.18862871956323032, 0.12732288181234358, 0.1483194551628973, 0.14000013822893498, 0.1540293734089015, 0.1380113618795243, 0.13449493054740433, 0.12594400727704352, 0.1369490547559986, 0.1364859374148121, 0.18383270720141176, 0.17683108015005647, 0.14711143145248773, 0.1235371752995834, 0.13827116072775258, 0.1307953813798467, 0.20398120211431242, 0.1641573607306633, 0.18300518074907057, 0.1772673514469035, 0.17801262439782187, 0.23437499999999997, 0.14166700000000004, 0.19782075132048202, 0.19687500000000008, 0.14666811433982502, 0.18220163278261461, 0.14974803387877186, 0.16286763941618357, 0.1548551832455084, 0.15844647602266193, 0.15958363441155235, 0.1386871012749464, 0.13412812075772917, 0.19811775138697277, 0.17569615996088248], [0.20157372704870874, 0.2391853854481916, 0.1941079964185485, 0.18101118438372807, 0.17316810709827604, 0.23015053856117737, 0.1853146751339461, 0.17054743974732328, 0.2011927325352484, 0.1689377950778545, 0.17022522968114923, 0.15899067686502882, 0.17098868038557408, 0.15375119099701312, 0.1679149451954769, 0.0, 0.09095919224025684, 0.13794107034889935, 0.12336741751775472, 0.08771418408014868, 0.20995371927403428, 0.2121171762045686, 0.1647408360304148, 0.17144861806988346, 0.19483954024016792, 0.10574998973995223, 0.12488777391803864, 0.18295347858220126, 0.16682544416245387, 0.16009134758238439, 0.18512720945609265, 0.1266725656525516, 0.13028805526217668, 0.1273153029765079, 0.12835775741652702, 0.1511108808827562, 0.1520780239308949, 0.21894349769906246, 0.15629631608629638, 0.15536661134059104, 0.1500443045103679, 0.1039847175907397, 0.11626689057509021, 0.11389968783539314, 0.14583399999999996, 0.09419416818465991, 0.09056053406423793, 0.106070870242494, 0.08069408754053796, 0.13002932825525199, 0.20329580852540965, 0.15166872709296403, 0.1702254010217042, 0.16972797198858344, 0.14939176190473155, 0.2371254632678659, 0.16653959218155912, 0.1715565471557411, 0.17861648384160006, 0.1564170623095717, 0.29660241579596075, 0.1706069791069521, 0.18104606495112904, 0.1956559480312316, 0.20533453479870353, 0.2118353181058342, 0.178645, 0.20119273253524836, 0.1537477630829145, 0.17135500000000004, 0.16773278539492614, 0.15844647602266201, 0.17829621790716704, 0.15204472226946916, 0.13393128799627624], [0.18669534484382266, 0.25398130000717506, 0.2310153193578296, 0.18009194965350342, 0.17953643311595566, 0.22229786288671335, 0.22604200000000002, 0.20327278961287465, 0.24713270006415577, 0.1839130757858179, 0.14818134271898065, 0.14723406434993233, 0.1341774736869047, 0.13023671938813805, 0.13566348709588508, 0.09095919224025684, 0.0, 0.0898033929959475, 0.08721376719058681, 0.10441873065017696, 0.2666847122802505, 0.2659464915579824, 0.2213541200000578, 0.21145799999999998, 0.24162184911344423, 0.11672361370776693, 0.1594700147493393, 0.21746437696988014, 0.2063683372637382, 0.19667958798512872, 0.1875, 0.14971108953581225, 0.14628302927202455, 0.13649521861589145, 0.16683608056412735, 0.16199745939007607, 0.15759474555653835, 0.23086911408079203, 0.16613361886590206, 0.15815657678091252, 0.11269754723595363, 0.1364396472584124, 0.15032173712740282, 0.15235777179061133, 0.1781462570165312, 0.12349959057422012, 0.14628302927202455, 0.14478896130575702, 0.13479464091943674, 0.18905695676171239, 0.18176514540602592, 0.19101161159468819, 0.17503797678218289, 0.18629573170902228, 0.17515185772351943, 0.17985662958312104, 0.1734193925589579, 0.20148780700578384, 0.21139262940427697, 0.19030435852076538, 0.2260608670800853, 0.1522541506462139, 0.20803710084982435, 0.20549651571012106, 0.17385809487337656, 0.1959324961715131, 0.151041896551917, 0.18095238862540258, 0.1875354454923122, 0.1856512764324554, 0.1633334329829628, 0.16396574527931135, 0.18781871038051562, 0.20869537524394585, 0.18631651380379574], [0.23122249742618042, 0.2840452280553222, 0.2623393428672108, 0.18926342308010807, 0.20137436611942444, 0.1669532658231039, 0.19757923603962027, 0.17519833205827046, 0.21861115755860755, 0.17540968290832748, 0.1627270041520232, 0.15141004571010888, 0.13764610102787156, 0.13592174110494612, 0.10116992802420566, 0.13794107034889935, 0.0898033929959475, 0.0, 0.0705899636563159, 0.1264538878959441, 0.24046515381413616, 0.2523809329763245, 0.19101161159468813, 0.207812, 0.21019932339567604, 0.1429018505443509, 0.1499918218693028, 0.19637522190439402, 0.18643263040913, 0.19755527158241054, 0.16351925403755974, 0.14153230383661827, 0.12528903981892256, 0.11452727374522453, 0.12423498784561451, 0.10537617303773085, 0.1271520852286741, 0.1648072214319378, 0.11380884822589935, 0.11875733235080307, 0.09705451468118322, 0.11895797555827961, 0.1462476227025453, 0.16236973929879134, 0.11907979022907285, 0.1051937593063391, 0.11718736000098304, 0.11535844763605307, 0.11515905021071662, 0.1578430577312087, 0.14876567932154247, 0.17897548229855392, 0.14370609323546443, 0.129166, 0.13289310135970187, 0.1521789063532458, 0.14022192185630414, 0.16887004180893958, 0.19101161159468813, 0.1609970582898955, 0.16348742863903076, 0.14947895122056482, 0.17636188824403076, 0.17145209263979344, 0.1622565246468994, 0.16060903334895263, 0.15942760031773628, 0.2063683372637382, 0.15320703131710373, 0.1390747731494885, 0.13757410530534056, 0.11662298896022814, 0.13333300000000003, 0.17370947455854194, 0.15326381104523495], [0.2255583319324747, 0.28275787885751297, 0.25520860000007833, 0.19409979088087653, 0.19554385253861808, 0.17726648176121734, 0.19797418900957767, 0.19322900000000004, 0.21912790370654553, 0.1718103199025018, 0.14539941029204104, 0.13862575487260656, 0.13368388390527858, 0.12395900000000004, 0.11227326379864438, 0.12336741751775472, 0.08721376719058681, 0.0705899636563159, 0.0, 0.11562499999999999, 0.24290282744942573, 0.24776866450784288, 0.19510264303694094, 0.19687499999999997, 0.21445466773656385, 0.14935641696118712, 0.14837063201658202, 0.1849348827915452, 0.18383280352809725, 0.20498442102334458, 0.17560655992587526, 0.1360397205083868, 0.1421703267187948, 0.1129245273268833, 0.1317775693280157, 0.12475219275420137, 0.1413289639985835, 0.1860901088650329, 0.1322242105181432, 0.1376601639361959, 0.0819223569607223, 0.11409519388952602, 0.14604285752134544, 0.15650697920921267, 0.12757848721473383, 0.09983884714879276, 0.09479100000000001, 0.11272696959120142, 0.10241017248334061, 0.1568537110059514, 0.15057823732531872, 0.16799976417157497, 0.13120743836274804, 0.1227971071076188, 0.12207573799276679, 0.15617426987736113, 0.1415778189548066, 0.17184729650477484, 0.17792295199945415, 0.16147205724295527, 0.17931528816584488, 0.1475932292381236, 0.1772658533897169, 0.16463674239063406, 0.15448142933814757, 0.1780403295283306, 0.15438546382674764, 0.1999627048030449, 0.145833, 0.14871699009151232, 0.1328214092613298, 0.11826003451716054, 0.12480959630573285, 0.17716686232434958, 0.15605834658328568], [0.19705127381978532, 0.2600186167183921, 0.2132021215362169, 0.17140565893225349, 0.17864599999999997, 0.18455547923050133, 0.15058128226974293, 0.16359489367642258, 0.16351925403755974, 0.1415756567387204, 0.16090227797020154, 0.1639886090220903, 0.17018402213192635, 0.14466721926410372, 0.16304602707517898, 0.08771418408014868, 0.10441873065017696, 0.1264538878959441, 0.11562499999999999, 0.0, 0.20472924192699, 0.21285553016404024, 0.160348431376799, 0.1718093225526484, 0.15929806939821964, 0.11472108515194715, 0.07922323801133106, 0.12460036672899484, 0.12207594367851518, 0.126929858146143, 0.17045545504031248, 0.1233674175177547, 0.13338228626395635, 0.1243031352983504, 0.13121741229349101, 0.10077822185373186, 0.10085090394539252, 0.14716231376531538, 0.09243256518200081, 0.125, 0.141667, 0.09173948007809936, 0.10885909578746594, 0.1250963500226925, 0.12072623954219726, 0.08173347638890677, 0.08341272208122691, 0.09114588000014047, 0.06229971519999104, 0.12041888118148249, 0.19197884970225237, 0.154111068522024, 0.16449185828180066, 0.15626511232517637, 0.14583300000000005, 0.2177214523559863, 0.15677100000000005, 0.15946115617917742, 0.153125, 0.13822921743493813, 0.2831617818580042, 0.15871036113940382, 0.16809641434010425, 0.1644918582818007, 0.19613817032388156, 0.21574866482089752, 0.17628667705461823, 0.20119273253524836, 0.153125, 0.17740442180420435, 0.15058068043411144, 0.14372218442095655, 0.16817319424926194, 0.12102627182846977, 0.11325101992148764], [0.21558276136324073, 0.23697899999999994, 0.21897812549430595, 0.22920364550329475, 0.16809641434010425, 0.1766485817690026, 0.18009095478951745, 0.12962821268921362, 0.15526857639586963, 0.1768511279042348, 0.20880188310692988, 0.17756107492916348, 0.2676167372493731, 0.20708960084465855, 0.2676982778596082, 0.20995371927403428, 0.2666847122802505, 0.24046515381413616, 0.24290282744942573, 0.20472924192699, 0.0, 0.07718352441421686, 0.1422513119939496, 0.1234987260258178, 0.100055832938415, 0.22471271551472113, 0.13445154538345774, 0.11460700513057659, 0.13058685913215007, 0.1433721652832236, 0.20852720631762753, 0.13870308735208456, 0.16274027935640276, 0.15871128984731997, 0.1583759731524956, 0.1592657708486039, 0.14488128162050473, 0.19067970230729853, 0.1654717338550606, 0.16309379624007778, 0.2105810282171687, 0.17224958474550817, 0.15808765671297684, 0.15470162673999263, 0.1598379528804095, 0.14875336714508344, 0.18319103568679335, 0.1428349933664717, 0.1626634829363985, 0.10000000000000003, 0.23144357195005447, 0.1784998412212179, 0.1603776075298544, 0.19032870291964243, 0.1652756375634353, 0.18532996170344393, 0.14696888104969708, 0.1352495645279495, 0.12921844761875131, 0.13854200000000005, 0.3097477371868612, 0.19579597917292818, 0.20433749316265976, 0.1884241742585065, 0.2427603619127307, 0.2347018977682115, 0.1968341851432317, 0.22407291545610775, 0.23199057523313313, 0.1921762399595746, 0.1813046629736809, 0.16670687509817944, 0.16286763941618362, 0.1246003667289949, 0.16863731239875968], [0.22936593968808885, 0.2778737902645732, 0.2603436984449595, 0.23221968223214848, 0.20544913874728218, 0.1879645513654104, 0.16266348293639848, 0.14552876499510328, 0.1390223952786025, 0.15900414914397673, 0.2147563895626856, 0.16367180676585685, 0.26769913586711486, 0.21131294406637752, 0.2692605544468034, 0.2121171762045686, 0.2659464915579824, 0.2523809329763245, 0.24776866450784288, 0.21285553016404024, 0.07718352441421686, 0.0, 0.09072035979315776, 0.11036313954396187, 0.07120824556889463, 0.2271323003405724, 0.14628231006174333, 0.17222784186652285, 0.18359974559078238, 0.17801237862856611, 0.19752829856250975, 0.15433835822633338, 0.16538898277999053, 0.1623965749946716, 0.16025456745128983, 0.15856067094964, 0.14696865778797874, 0.19606655261925732, 0.1659366428640763, 0.16398949831010523, 0.2140879992923471, 0.17781244243053393, 0.15055667295139974, 0.1504053201519148, 0.1661315318641686, 0.15411106852202403, 0.1896818121064853, 0.14925857149112842, 0.16527439279573833, 0.12929443110203942, 0.15463161167756104, 0.18531467513394614, 0.1674296333244399, 0.180517735355837, 0.16741512334613023, 0.1857448369268982, 0.12070754947392481, 0.1100869684613033, 0.11621921336853042, 0.12169865515089745, 0.2337886779523127, 0.1726158998238575, 0.1273219788841955, 0.18121692322738517, 0.18040828931666614, 0.19900968011129508, 0.16449185828180077, 0.22728718449793867, 0.2403189106583167, 0.1971703754244029, 0.1263221929868224, 0.1533412857452291, 0.16635661264284027, 0.09803327630962867, 0.12898669666697235], [0.28176623979639565, 0.33395867644066374, 0.29169576521608953, 0.194028940249565, 0.23514877087707695, 0.15108925334394416, 0.13648569318796752, 0.13623175323954484, 0.13953994972766756, 0.14249455277307965, 0.17810949737731557, 0.16931405320291643, 0.21559737242601082, 0.15682637000836308, 0.20377046648380717, 0.1647408360304148, 0.2213541200000578, 0.19101161159468813, 0.19510264303694094, 0.160348431376799, 0.1422513119939496, 0.09072035979315776, 0.0, 0.07579340237777957, 0.07708476068588396, 0.21834830161006522, 0.1975791516861027, 0.19363289090699445, 0.2193840271966034, 0.26263223124551943, 0.170833, 0.16770800000000002, 0.15875183917359828, 0.17540935925998938, 0.20213962875695599, 0.1775632623968145, 0.19115674719193143, 0.14311214897161528, 0.14691698638536144, 0.12733992777208564, 0.15690082678239783, 0.13705028572024217, 0.1439464379448133, 0.145416240152192, 0.15136934908438707, 0.1602536054383801, 0.14536466686234317, 0.12459943039998209, 0.1765794281477885, 0.17540935925998938, 0.18565127643245552, 0.20837420932543452, 0.10839433659098617, 0.1439397651888, 0.128361499886064, 0.10416599999999998, 0.08613661188319972, 0.08065012200226762, 0.11251250075912657, 0.12932884292745567, 0.263558646975415, 0.14938653378905165, 0.158446476022662, 0.16643541561218275, 0.19776291969157778, 0.21973979245689657, 0.1976701848964583, 0.19835465571798408, 0.17450335081310045, 0.16974439831973212, 0.1352486095011701, 0.12083299999999997, 0.11273607791652152, 0.16094327848344586, 0.1465835592554635], [0.2598086226436683, 0.3190764661221507, 0.28457581844035873, 0.189583, 0.22287321441797353, 0.16595583702901204, 0.12534599891899223, 0.12597277731716477, 0.14867047798739325, 0.13770512477391686, 0.17381860431208157, 0.17500000000000004, 0.19608298072499816, 0.1666588553268127, 0.20484517188598805, 0.17144861806988346, 0.21145799999999998, 0.207812, 0.19687499999999997, 0.1718093225526484, 0.1234987260258178, 0.11036313954396187, 0.07579340237777957, 0.0, 0.05762883670649199, 0.18291308154421326, 0.19608298072499808, 0.19835436163089532, 0.22399995717856735, 0.23426170076433747, 0.16670585346951677, 0.17034378102237838, 0.1545356900977894, 0.16357852212316878, 0.16643541561218272, 0.14583299999999993, 0.15744773245747304, 0.16060832096724031, 0.109375, 0.109375, 0.16406199999999999, 0.14723406434993228, 0.12025765164013476, 0.11817522842251106, 0.13648688378375412, 0.12547764679017534, 0.15155517622634995, 0.11942575237359825, 0.13888535315143927, 0.16357852212316878, 0.14488186399270273, 0.17623567711731922, 0.13731223006345794, 0.15011433420302847, 0.13649521861589145, 0.15447407919740183, 0.09019293556038635, 0.10006640807483802, 0.14272042007898778, 0.105987472467712, 0.21802718651065778, 0.14394643794481338, 0.12302951251336756, 0.153751688959829, 0.1572718741136893, 0.1911567471919314, 0.19016853727680605, 0.21421078096351728, 0.19322899999999998, 0.16934115624534557, 0.1333266416845531, 0.12584778062802698, 0.13870308735208456, 0.1310052334107306, 0.1129245273268833], [0.2250992828797995, 0.28566765166010655, 0.25069329424218745, 0.20758132275327662, 0.18875806527139438, 0.1876101488965882, 0.09237958190531066, 0.1202617587805866, 0.11660228543643554, 0.10354545935481675, 0.1609398043640412, 0.15677000000000002, 0.2461775822389196, 0.17032773046101446, 0.23492029590358493, 0.19483954024016792, 0.24162184911344423, 0.21019932339567604, 0.21445466773656385, 0.15929806939821964, 0.100055832938415, 0.07120824556889463, 0.07708476068588396, 0.05762883670649199, 0.0, 0.20553924398031634, 0.16027549822103185, 0.16385970985571774, 0.18926342308010813, 0.19781887474404455, 0.16653981109932842, 0.13558556230292368, 0.15646384375094963, 0.13495934541186844, 0.1398483873378595, 0.1427353949411288, 0.14243097225673923, 0.1860901088650329, 0.15335157160590177, 0.1531816607202051, 0.18766832421588894, 0.16411488476064567, 0.13747301913385546, 0.11071186337528466, 0.15171658525313345, 0.1386036528017931, 0.1382278827516359, 0.12387675061335025, 0.12088899400689873, 0.13151426306298494, 0.132419136751453, 0.1515866604454363, 0.11416533319593246, 0.1252090526200083, 0.12970384968290616, 0.12979690432363938, 0.09668439115741506, 0.08175128572100611, 0.10985696153180279, 0.0795020287162535, 0.21743248453255548, 0.12475568500288696, 0.10575016212280718, 0.17500000000000004, 0.1585008269789152, 0.17282306075868456, 0.15556775944263, 0.20327163916542812, 0.20540711839904674, 0.17022522968114923, 0.11843404087991116, 0.12258197783072959, 0.12649577513333324, 0.10776193822495957, 0.1000558329384149], [0.19030435852076538, 0.2338679728671714, 0.2099063355523125, 0.17666973355790141, 0.17684861742139357, 0.18792757890740786, 0.19253652250936704, 0.1834110921754734, 0.20861993848383714, 0.1713951463169246, 0.13566306487745336, 0.1377051247739168, 0.13030811376886706, 0.12547450678702976, 0.14334592604605126, 0.10574998973995223, 0.11672361370776693, 0.1429018505443509, 0.14935641696118712, 0.11472108515194715, 0.22471271551472113, 0.2271323003405724, 0.21834830161006522, 0.18291308154421326, 0.20553924398031634, 0.0, 0.11252438539165438, 0.17056939656445042, 0.16094327848344586, 0.15023820817727818, 0.11681075220531936, 0.09043211503738549, 0.06162130923194203, 0.0813797942458129, 0.09234288162547381, 0.1284431642439565, 0.1331612182010812, 0.17326396982213274, 0.12593688271192863, 0.11961037005627903, 0.14006215375029635, 0.11013241359835896, 0.12075417917819653, 0.13099160473664212, 0.11943442056626719, 0.12689962815154346, 0.12672406594250352, 0.11404206251062887, 0.11938803448419777, 0.14084068151638574, 0.19459081623756042, 0.15000073813485046, 0.13177756932801576, 0.15808424570835075, 0.13928021159682535, 0.261435162100785, 0.21830311495716234, 0.21335805488508794, 0.1974782176367814, 0.20482538651891805, 0.27744364715019165, 0.14283400154375012, 0.16240041687138615, 0.17468020085287284, 0.16225989804059424, 0.20012480199115745, 0.14666811433982505, 0.17916699999999997, 0.16041700000000003, 0.18385571437225237, 0.1784660633397846, 0.1731074800607992, 0.19250511988256316, 0.1598774337777651, 0.1548551832455085], [0.20181462925906013, 0.22884701115374007, 0.1837424882736708, 0.16223948537472074, 0.17864600000000003, 0.1829176316036382, 0.1663566126428403, 0.11249446368242881, 0.14832685847478874, 0.16483386417238421, 0.1242377746621373, 0.18166811161566027, 0.20009585609829553, 0.1552038820237352, 0.14623416283234275, 0.12488777391803864, 0.1594700147493393, 0.1499918218693028, 0.14837063201658202, 0.07922323801133106, 0.1